Time, Position, Orientation, Velocity, Headway_Distance, RPM, Gear, Throttle, Brake, Steering, Preceding_Vel
0,,,,,,,,,,
0.2,,,,,,,,,,
0.4,,,,,,,,,,
0.6,,,,,,,,,,
0.8,,,,,,,,,,
1,,,,,,,,,,
1.2,,,,,,,,,,
1.4,,,,,,,,,,
1.6,,,,,,,,,,
1.8,,,,,,,,,,
2,(651.519 -0.009 650.937),(0.739 0.000 0.674),(0.000 0.000 0.000),(-4.431 -0.009 -4.045),0.000,5.000,0.000,0.000,-0.014,(0.000 0.000 0.000)
2.2,(651.519 -0.009 650.937),(0.739 0.000 0.674),(0.000 0.000 0.000),(-4.382 -0.161 -4.060),0.000,5.000,0.000,0.000,-0.014,(-0.139 -0.549 -0.235)
2.4,(651.519 -0.009 650.937),(0.739 0.000 0.674),(0.000 0.000 0.000),(-4.343 0.040 -3.996),0.000,5.000,0.000,0.000,-0.014,(-0.070 -1.062 -0.265)
2.6,(651.519 -0.009 650.937),(0.739 0.000 0.674),(0.000 0.000 0.000),(-4.315 -0.003 -3.965),0.000,0.000,0.000,0.000,-0.014,(-0.147 0.442 -0.147)
2.8,(651.519 -0.009 650.937),(0.739 0.000 0.674),(0.000 0.000 0.000),(-4.286 -0.003 -3.938),0.000,0.000,0.000,0.000,-0.014,(-0.148 -0.155 -0.128)
3,(651.519 -0.009 650.937),(0.739 0.000 0.674),(0.000 0.000 0.000),(-4.257 0.002 -3.913),0.000,0.000,0.000,0.000,-0.014,(-0.136 0.045 -0.119)
3.2,(651.519 -0.009 650.937),(0.739 0.000 0.674),(0.000 0.000 0.000),(-4.231 -0.001 -3.890),0.000,0.000,0.000,0.000,-0.014,(-0.127 -0.010 -0.111)
3.4,(651.519 -0.009 650.937),(0.739 0.000 0.674),(0.000 0.000 0.000),(-4.207 0.000 -3.869),0.000,0.000,0.000,0.000,-0.014,(-0.118 0.001 -0.103)
3.6,(651.519 -0.009 650.937),(0.739 0.000 0.674),(0.000 0.000 0.000),(-4.184 0.000 -3.849),0.000,0.000,0.000,0.000,-0.014,(-0.110 0.000 -0.096)
3.8,(651.519 -0.009 650.937),(0.739 0.000 0.674),(0.000 0.000 0.000),(-4.163 0.000 -3.831),0.000,0.000,0.000,0.000,-0.014,(-0.102 0.000 -0.089)
4,(651.519 -0.009 650.937),(0.739 0.000 0.674),(0.000 0.000 0.000),(-4.144 0.000 -3.814),0.000,0.000,0.000,0.000,-0.014,(-0.095 0.000 -0.083)
4.2,(651.519 -0.009 650.937),(0.739 0.000 0.674),(0.000 0.000 0.000),(-4.144 0.002 -3.814),0.000,0.000,0.000,0.000,-0.014,(0.257 0.000 0.224)
4.4,(651.519 -0.009 650.937),(0.739 0.000 0.674),(0.000 0.000 0.000),(-4.237 0.001 -3.895),0.000,0.000,0.000,0.000,-0.014,(0.551 0.000 0.481)
4.6,(651.519 -0.009 650.937),(0.739 0.000 0.674),(0.000 0.000 0.000),(-4.358 0.000 -4.001),0.000,0.000,0.000,0.000,-0.014,(0.653 0.000 0.569)
4.8,(651.519 -0.009 650.937),(0.739 0.000 0.674),(0.000 0.000 0.000),(-4.497 0.000 -4.122),0.000,0.000,0.000,0.000,-0.014,(0.729 0.000 0.636)
5,(651.519 -0.009 650.937),(0.739 0.000 0.674),(0.000 0.000 0.000),(-4.649 0.000 -4.257),0.000,0.000,0.000,0.000,-0.014,(0.778 -0.004 0.709)
5.2,(651.519 -0.009 650.937),(0.739 0.000 0.674),(0.000 0.000 0.000),(-4.814 0.000 -4.403),0.000,0.000,0.000,0.000,-0.014,(0.858 0.002 0.750)
5.4,(651.519 -0.009 650.937),(0.739 0.000 0.674),(0.000 0.000 0.000),(-4.990 0.000 -4.561),0.000,0.000,0.000,0.000,-0.014,(0.917 0.000 0.805)
5.6,(651.519 -0.009 650.937),(0.739 0.000 0.674),(0.000 0.000 0.000),(-5.178 0.000 -4.730),0.000,0.000,0.000,0.000,-0.014,(0.962 0.001 0.874)
5.8,(651.519 -0.009 650.937),(0.739 0.000 0.674),(0.000 0.000 0.000),(-5.378 0.000 -4.911),0.000,0.000,0.000,0.000,-0.014,(0.991 -0.003 0.959)
6,(651.519 -0.009 650.937),(0.739 0.000 0.674),(0.000 0.000 0.000),(-5.587 0.000 -5.103),314.999,0.000,0.000,0.000,-0.014,(1.091 0.002 0.972)
6.2,(651.519 -0.009 650.937),(0.739 0.000 0.674),(0.000 0.000 0.000),(-5.812 0.000 -5.304),562.914,0.000,0.000,0.000,-0.014,(1.151 -0.001 1.030)
6.4,(651.519 -0.009 650.937),(0.739 0.000 0.674),(0.000 0.000 0.000),(-6.049 0.000 -5.515),1061.237,0.000,0.000,0.000,-0.014,(1.212 0.000 1.085)
6.6,(651.519 -0.009 650.937),(0.739 0.000 0.674),(0.000 0.000 0.000),(-6.298 0.000 -5.738),1099.977,0.000,0.000,0.000,-0.014,(1.273 0.000 1.139)
6.8,(651.519 -0.009 650.937),(0.739 0.000 0.674),(0.000 0.000 0.000),(-6.559 0.000 -5.972),1099.993,0.000,0.000,0.000,-0.014,(1.334 0.000 1.193)
7,(651.519 -0.009 650.937),(0.739 0.000 0.674),(0.000 0.000 0.000),(-6.833 0.000 -6.217),1099.998,0.000,0.000,0.000,-0.014,(1.393 0.000 1.246)
7.2,(651.519 -0.009 650.937),(0.739 0.000 0.674),(0.000 0.000 0.000),(-7.114 0.001 -6.474),1099.999,0.000,0.000,0.000,-0.014,(1.430 0.000 1.311)
7.4,(651.519 -0.009 650.937),(0.739 0.000 0.674),(0.000 0.000 0.000),(-7.408 0.000 -6.740),1099.999,0.000,0.000,0.000,-0.014,(1.500 0.002 1.352)
7.6,(651.519 -0.009 650.937),(0.739 0.000 0.674),(0.000 0.000 0.000),(-7.709 0.001 -7.019),1100.000,0.000,0.000,0.000,-0.014,(1.546 0.001 1.404)
7.8,(651.519 -0.009 650.937),(0.739 0.000 0.674),(0.000 0.000 0.000),(-8.025 0.000 -7.306),1100.000,0.000,0.000,0.000,-0.014,(1.602 0.000 1.457)
8,(651.519 -0.009 650.937),(0.739 0.000 0.674),(0.000 0.000 0.000),(-8.351 0.000 -7.603),1100.000,0.000,0.000,0.000,-0.014,(1.658 0.000 1.508)
8.2,(651.519 -0.009 650.937),(0.739 0.000 0.674),(0.000 0.000 0.000),(-8.689 0.000 -7.911),1100.000,0.000,0.000,0.000,-0.014,(1.714 0.000 1.559)
8.4,(651.519 -0.009 650.937),(0.739 0.000 0.674),(0.000 0.000 0.000),(-9.038 0.000 -8.228),1100.000,0.000,0.000,0.000,-0.014,(1.769 0.000 1.609)
8.599999,(651.520 -0.009 650.938),(0.739 0.000 0.674),(0.016 0.000 0.014),(-9.397 0.000 -8.554),1099.071,1.000,0.000,0.000,-0.014,(1.824 0.000 1.659)
8.8,(651.526 -0.009 650.943),(0.739 0.000 0.674),(0.044 0.000 0.040),(-9.762 0.000 -8.886),1099.087,1.000,0.000,0.000,-0.014,(1.878 0.000 1.708)
9,(651.538 -0.009 650.954),(0.739 0.000 0.674),(0.071 0.000 0.065),(-10.131 0.000 -9.222),1127.380,1.000,0.103,0.000,-0.014,(1.931 0.000 1.756)
9.2,(651.555 -0.009 650.970),(0.739 0.000 0.674),(0.104 0.000 0.095),(-10.506 0.000 -9.562),1264.775,1.000,0.395,0.000,-0.014,(1.984 0.000 1.804)
9.4,(651.587 -0.010 650.999),(0.739 0.001 0.674),(0.223 0.000 0.204),(-10.877 0.000 -9.899),1672.474,1.000,0.503,0.000,-0.012,(2.035 0.000 1.851)
9.599999,(651.658 -0.010 651.065),(0.739 0.003 0.674),(0.476 0.000 0.436),(-11.218 -0.001 -10.209),1828.808,1.000,0.570,0.000,-0.008,(2.087 0.000 1.898)
9.8,(651.788 -0.010 651.183),(0.739 0.003 0.674),(0.793 0.000 0.726),(-11.511 -0.001 -10.475),1909.971,1.000,0.591,0.000,-0.006,(2.137 0.000 1.944)
10,(651.983 -0.011 651.362),(0.739 0.003 0.674),(1.126 0.000 1.030),(-11.742 -0.001 -10.695),1959.516,1.000,0.590,0.000,-0.006,(2.157 0.000 2.002)
10.2,(652.245 -0.011 651.601),(0.739 0.003 0.674),(1.460 0.000 1.336),(-11.918 -0.001 -10.859),2007.325,1.000,0.587,0.000,-0.006,(2.213 0.001 2.040)
10.4,(652.575 -0.011 651.903),(0.739 0.003 0.674),(1.808 0.000 1.654),(-12.036 -0.001 -10.970),2088.559,1.000,0.656,0.000,-0.006,(2.261 -0.001 2.084)
10.6,(652.980 -0.011 652.274),(0.738 0.004 0.674),(2.204 0.000 2.016),(-12.088 -0.002 -11.021),2155.723,1.000,0.633,0.000,-0.006,(2.309 0.000 2.128)
10.8,(653.463 -0.011 652.716),(0.739 0.003 0.674),(2.588 0.000 2.367),(-12.072 -0.002 -11.010),2226.468,1.000,0.638,0.000,-0.006,(2.355 0.000 2.171)
11,(654.024 -0.011 653.228),(0.739 0.004 0.674),(2.980 0.000 2.725),(-11.988 -0.002 -10.936),2307.196,1.000,0.639,0.000,-0.006,(2.402 0.000 2.214)
11.2,(654.663 -0.011 653.813),(0.738 0.004 0.674),(3.376 0.000 3.086),(-11.834 -0.002 -10.799),2397.010,1.000,0.643,0.000,-0.006,(2.447 0.000 2.256)
11.4,(655.383 -0.011 654.471),(0.738 0.004 0.674),(3.781 0.000 3.456),(-11.608 -0.002 -10.597),2489.311,1.000,0.646,0.000,-0.006,(2.492 0.000 2.297)
11.6,(656.179 -0.011 655.198),(0.738 0.003 0.674),(4.144 0.000 3.787),(-11.315 -0.001 -10.334),2719.985,1.000,0.637,0.000,-0.006,(2.536 0.000 2.338)
11.8,(657.035 -0.010 655.981),(0.739 0.001 0.674),(4.310 0.000 3.939),(-10.971 0.000 -10.023),2837.249,1.000,0.032,0.000,-0.006,(2.579 0.000 2.378)
12,(657.875 -0.008 656.749),(0.739 -0.002 0.674),(4.126 0.000 3.772),(-10.652 0.001 -9.735),2628.717,1.000,0.000,0.000,-0.006,(2.622 0.000 2.417)
12.2,(658.679 -0.008 657.483),(0.739 -0.002 0.674),(3.916 0.000 3.580),(-10.377 0.001 -9.488),2498.820,1.000,0.000,0.000,-0.006,(2.664 0.000 2.455)
12.4,(659.438 -0.008 658.178),(0.739 -0.002 0.674),(3.713 0.000 3.395),(-10.155 0.001 -9.289),2362.251,1.000,0.000,0.000,-0.006,(2.705 0.000 2.493)
12.6,(660.159 -0.008 658.837),(0.739 -0.002 0.674),(3.514 0.000 3.213),(-9.979 0.001 -9.133),2234.416,1.000,0.000,0.000,-0.006,(2.745 0.000 2.531)
12.8,(660.843 -0.008 659.462),(0.739 -0.002 0.674),(3.339 0.000 3.053),(-9.849 0.001 -9.018),2064.540,1.000,0.000,0.000,-0.006,(2.785 0.000 2.567)
13,(661.492 -0.008 660.055),(0.739 -0.001 0.674),(3.173 0.000 2.902),(-9.761 0.001 -8.941),1891.005,1.000,0.000,0.000,-0.006,(2.824 0.000 2.603)
13.2,(662.109 -0.008 660.620),(0.739 -0.001 0.674),(3.014 0.000 2.756),(-9.713 0.001 -8.902),1718.617,1.000,0.000,0.000,-0.006,(2.862 0.000 2.639)
13.4,(662.695 -0.008 661.156),(0.739 -0.001 0.674),(2.862 0.000 2.618),(-9.703 0.001 -8.897),1547.059,1.000,0.000,0.000,-0.006,(2.900 0.000 2.674)
13.6,(663.252 -0.008 661.664),(0.739 -0.001 0.674),(2.717 0.000 2.485),(-9.731 0.001 -8.927),1376.261,1.000,0.000,0.000,-0.006,(2.937 0.000 2.708)
13.8,(663.780 -0.008 662.148),(0.739 -0.001 0.674),(2.579 0.000 2.359),(-9.794 0.001 -8.989),1206.228,1.000,0.000,0.000,-0.006,(2.974 0.000 2.741)
14,(664.281 -0.008 662.606),(0.739 -0.001 0.674),(2.451 0.000 2.242),(-9.892 0.001 -9.083),1181.780,1.000,0.049,0.000,-0.006,(3.009 0.000 2.774)
14.2,(664.761 -0.009 663.045),(0.739 -0.001 0.674),(2.358 0.000 2.157),(-10.018 0.001 -9.202),1340.373,1.000,0.152,0.000,-0.006,(3.044 0.000 2.807)
14.4,(665.225 -0.009 663.469),(0.739 0.000 0.674),(2.293 0.000 2.098),(-10.169 0.001 -9.338),1546.414,1.000,0.186,0.000,-0.006,(3.140 -0.015 2.747)
14.6,(665.679 -0.009 663.885),(0.739 0.000 0.674),(2.256 0.000 2.064),(-10.339 0.000 -9.484),1738.542,1.000,0.300,0.000,-0.006,(3.122 0.007 2.834)
14.8,(666.133 -0.009 664.300),(0.739 0.001 0.674),(2.293 0.000 2.098),(-10.514 0.000 -9.639),1964.249,1.000,0.375,0.000,-0.006,(3.159 -0.002 2.863)
15,(666.604 -0.010 664.731),(0.739 0.001 0.674),(2.414 0.000 2.208),(-10.679 0.000 -9.781),2032.667,1.000,0.368,0.000,-0.006,(3.201 0.001 2.871)
15.2,(667.103 -0.010 665.187),(0.739 0.001 0.674),(2.564 0.000 2.345),(-10.822 -0.001 -9.904),2110.820,1.000,0.402,0.000,-0.006,(3.224 0.001 2.911)
15.4,(667.634 -0.010 665.673),(0.739 0.002 0.674),(2.732 0.000 2.498),(-10.939 -0.001 -10.004),2156.347,1.000,0.402,0.000,-0.006,(3.256 0.000 2.940)
15.6,(668.200 -0.010 666.190),(0.739 0.002 0.674),(2.913 0.000 2.664),(-11.028 -0.001 -10.077),2229.755,1.000,0.458,0.000,-0.006,(3.287 0.000 2.968)
15.8,(668.807 -0.010 666.745),(0.739 0.002 0.674),(3.131 0.000 2.863),(-11.082 -0.001 -10.119),2292.776,1.000,0.458,0.000,-0.006,(3.318 0.000 2.996)
16,(669.457 -0.010 667.340),(0.739 0.002 0.674),(3.350 0.000 3.063),(-11.099 -0.001 -10.127),2356.822,1.000,0.459,0.000,-0.006,(3.348 0.000 3.023)
16.2,(670.151 -0.010 667.974),(0.739 0.002 0.674),(3.569 0.000 3.262),(-11.078 -0.001 -10.100),2425.115,1.000,0.458,0.000,-0.006,(3.378 0.000 3.050)
16.4,(670.889 -0.010 668.649),(0.739 0.002 0.674),(3.789 0.000 3.464),(-11.019 -0.001 -10.038),2493.547,1.000,0.459,0.000,-0.006,(3.407 0.000 3.076)
16.6,(671.668 -0.010 669.361),(0.739 0.002 0.674),(3.987 0.000 3.644),(-10.924 -0.001 -9.943),2621.607,1.000,0.458,0.000,-0.006,(3.435 0.000 3.101)
16.8,(672.485 -0.010 670.107),(0.739 0.001 0.674),(4.127 0.000 3.772),(-10.797 0.000 -9.820),2709.931,1.000,0.142,0.000,-0.006,(3.463 0.000 3.127)
17,(673.292 -0.008 670.845),(0.739 -0.002 0.674),(3.949 0.000 3.610),(-10.686 0.001 -9.711),2607.423,1.000,0.000,0.000,-0.006,(3.491 0.000 3.151)
17.2,(674.059 -0.008 671.546),(0.739 -0.002 0.674),(3.743 0.000 3.422),(-10.620 0.001 -9.643),2468.909,1.000,0.000,0.000,-0.006,(3.518 0.000 3.176)
17.4,(674.788 -0.008 672.213),(0.739 -0.002 0.674),(3.565 0.000 3.259),(-10.598 0.001 -9.614),2281.257,1.000,0.000,0.000,-0.006,(3.544 0.000 3.200)
17.6,(675.488 -0.009 672.853),(0.739 -0.001 0.674),(3.457 0.000 3.160),(-10.609 0.001 -9.616),1950.692,1.000,0.000,0.000,-0.006,(3.570 0.000 3.223)
17.8,(676.172 -0.009 673.478),(0.739 0.000 0.674),(3.390 0.000 3.100),(-10.642 0.000 -9.638),1555.823,0.000,0.000,0.000,-0.006,(3.595 0.000 3.246)
18,(676.844 -0.009 674.092),(0.739 0.000 0.674),(3.333 0.000 3.047),(-10.692 0.000 -9.675),1178.983,2.000,0.000,0.000,-0.006,(3.620 0.000 3.268)
18.2,(677.504 -0.009 674.696),(0.739 0.000 0.674),(3.275 0.000 2.995),(-10.759 0.000 -9.728),1100.012,2.000,0.000,0.000,-0.006,(3.645 0.000 3.291)
18.4,(678.152 -0.009 675.289),(0.739 -0.001 0.674),(3.211 0.000 2.934),(-10.842 0.000 -9.796),1121.631,2.000,0.167,0.000,-0.004,(3.669 0.000 3.312)
18.6,(678.788 -0.009 675.870),(0.739 0.000 0.674),(3.163 0.000 2.890),(-10.942 0.000 -9.879),1522.310,2.000,0.352,0.000,-0.004,(3.693 0.000 3.334)
18.8,(679.421 -0.009 676.448),(0.739 0.000 0.674),(3.184 0.000 2.910),(-11.051 0.000 -9.970),1784.132,2.000,0.512,0.000,-0.004,(3.716 0.000 3.355)
19,(680.071 -0.010 677.043),(0.739 0.001 0.674),(3.295 0.000 3.011),(-11.171 0.001 -10.071),1821.565,2.000,0.543,0.000,-0.004,(3.956 0.000 3.571)
19.2,(680.746 -0.010 677.659),(0.739 0.001 0.674),(3.440 0.000 3.143),(-11.313 0.000 -10.192),1894.771,2.000,0.543,0.000,-0.004,(4.193 0.000 3.785)
19.4,(681.449 -0.010 678.302),(0.739 0.001 0.674),(3.571 0.000 3.263),(-11.475 0.001 -10.330),1905.963,2.000,0.569,0.000,-0.004,(4.433 0.000 4.002)
19.6,(682.182 -0.010 678.972),(0.739 0.002 0.674),(3.747 0.000 3.423),(-11.655 0.000 -10.485),1978.035,2.000,0.624,0.000,-0.004,(4.679 0.000 4.224)
19.8,(682.951 -0.010 679.674),(0.739 0.001 0.674),(3.913 0.000 3.575),(-11.851 0.001 -10.653),2005.660,2.000,0.627,0.000,-0.004,(4.930 0.000 4.451)
20,(683.756 -0.010 680.409),(0.739 0.002 0.674),(4.117 0.000 3.761),(-12.053 0.001 -10.838),2044.779,2.000,0.627,0.000,-0.004,(5.059 -0.019 4.798)
20.2,(684.597 -0.010 681.178),(0.739 0.001 0.674),(4.287 0.000 3.917),(-12.262 0.001 -11.043),2075.629,2.000,0.634,0.000,-0.004,(5.384 0.008 4.955)
20.4,(685.478 -0.010 681.982),(0.739 0.002 0.674),(4.499 0.000 4.110),(-12.487 0.000 -11.257),2116.290,2.000,0.638,0.000,-0.004,(5.641 -0.003 5.199)
20.6,(686.394 -0.010 682.820),(0.739 0.002 0.674),(4.676 0.000 4.272),(-12.727 0.001 -11.485),2149.740,2.000,0.638,0.000,-0.004,(5.904 0.001 5.441)
20.8,(687.353 -0.010 683.696),(0.739 0.002 0.674),(4.864 0.000 4.445),(-12.978 0.000 -11.725),2140.053,2.000,0.638,0.000,-0.006,(6.168 0.000 5.684)
21,(688.348 -0.010 684.605),(0.738 0.002 0.674),(5.069 0.000 4.638),(-13.247 0.000 -11.979),2227.717,2.000,0.640,0.000,-0.012,(6.433 0.000 5.929)
21.2,(689.383 -0.010 685.553),(0.738 0.002 0.674),(5.251 0.000 4.804),(-13.526 0.001 -12.244),2265.521,2.000,0.641,0.000,-0.014,(6.698 0.000 6.173)
21.4,(690.458 -0.010 686.536),(0.738 0.002 0.674),(5.473 0.000 5.011),(-13.820 0.000 -12.522),2313.538,2.000,0.645,0.000,-0.016,(6.960 0.000 6.414)
21.6,(691.574 -0.010 687.558),(0.738 0.002 0.674),(5.661 0.000 5.181),(-14.125 0.001 -12.809),2354.261,2.000,0.645,0.000,-0.012,(7.217 0.000 6.651)
21.8,(692.731 -0.010 688.617),(0.738 0.002 0.674),(5.890 0.000 5.390),(-14.442 0.001 -13.109),2407.019,2.000,0.662,0.000,-0.012,(7.552 0.000 6.959)
22,(693.931 -0.010 689.715),(0.738 0.002 0.674),(6.103 0.000 5.585),(-14.831 0.003 -13.475),2458.679,2.000,0.704,0.000,-0.012,(8.282 -0.001 7.632)
22.2,(695.183 -0.011 690.860),(0.738 0.003 0.674),(6.388 0.000 5.844),(-15.324 0.003 -13.937),2535.676,2.000,0.758,0.000,-0.010,(9.084 -0.001 8.371)
22.4,(696.485 -0.011 692.051),(0.738 0.003 0.675),(6.642 0.000 6.076),(-15.836 -0.001 -14.418),2634.899,2.000,0.780,0.000,-0.010,(9.187 0.000 8.466)
22.6,(697.847 -0.011 693.297),(0.738 0.003 0.675),(6.917 0.000 6.327),(-16.406 0.004 -14.952),2695.652,2.000,0.767,0.000,-0.010,(10.014 -0.001 9.228)
22.8,(699.262 -0.011 694.592),(0.738 0.003 0.675),(7.218 0.000 6.604),(-17.084 0.002 -15.557),2864.996,2.000,0.766,0.000,-0.010,(10.818 0.008 9.649)
23,(700.738 -0.011 695.941),(0.738 0.002 0.675),(7.491 0.000 6.854),(-17.835 0.002 -16.194),2954.997,2.000,0.766,0.000,-0.010,(11.394 -0.001 10.166)
23.2,(702.270 -0.011 697.343),(0.738 0.003 0.675),(7.797 0.000 7.135),(-18.641 0.002 -16.878),3096.597,2.000,0.643,0.000,-0.010,(11.939 -0.001 10.652)
23.4,(703.835 -0.009 698.776),(0.738 -0.001 0.675),(7.806 0.000 7.144),(-19.523 0.004 -17.630),3014.647,2.000,0.000,0.000,-0.010,(12.483 0.000 11.138)
23.6,(705.383 -0.009 700.193),(0.738 -0.001 0.675),(7.695 0.000 7.043),(-20.532 0.004 -18.494),2676.806,2.000,0.000,0.000,-0.010,(13.028 -0.001 11.623)
23.8,(706.915 -0.009 701.595),(0.738 0.000 0.675),(7.632 0.000 6.987),(-21.665 0.004 -19.469),2192.871,0.000,0.000,0.000,-0.010,(13.571 -0.001 12.108)
24,(708.435 -0.009 702.987),(0.738 0.000 0.675),(7.572 0.000 6.932),(-22.919 0.004 -20.553),1753.733,0.000,0.000,0.000,-0.010,(14.114 -0.001 12.592)
24.2,(709.943 -0.009 704.367),(0.738 0.000 0.675),(7.511 0.000 6.877),(-24.294 0.004 -21.744),1358.050,3.000,0.000,0.000,-0.010,(14.656 -0.001 13.076)
24.4,(711.438 -0.009 705.736),(0.738 0.000 0.675),(7.444 0.000 6.817),(-25.784 0.004 -23.046),1102.260,3.000,0.000,0.000,-0.010,(15.012 -0.010 13.676)
24.6,(712.901 -0.008 707.076),(0.738 -0.003 0.675),(7.196 0.000 6.590),(-27.364 0.006 -24.507),1787.262,3.000,0.000,0.000,-0.010,(15.413 0.010 14.297)
24.8,(714.323 -0.009 708.378),(0.738 -0.001 0.675),(7.064 0.000 6.469),(-29.083 0.005 -26.121),2092.931,3.000,0.439,0.000,-0.010,(15.944 -0.004 14.802)
25,(715.741 -0.010 709.676),(0.738 0.001 0.675),(7.106 0.000 6.508),(-30.905 0.003 -27.830),2166.355,3.000,0.578,0.000,-0.010,(16.291 0.000 15.124)
25.2,(717.176 -0.010 710.991),(0.738 0.001 0.675),(7.243 0.000 6.627),(-32.737 0.003 -29.550),2218.431,3.000,0.635,0.000,0.000,(16.530 0.000 15.346)
25.4,(718.639 -0.010 712.328),(0.738 0.001 0.675),(7.375 0.000 6.734),(-34.643 0.005 -31.313),2254.038,3.000,0.724,0.000,0.010,(17.167 -0.018 15.455)
25.6,(720.135 -0.010 713.694),(0.738 0.002 0.675),(7.567 0.000 6.908),(-36.622 0.003 -33.077),2291.439,3.000,0.751,0.000,0.010,(17.543 0.003 15.816)
25.8,(721.666 -0.010 715.091),(0.738 0.001 0.675),(7.729 0.000 7.055),(-38.643 0.004 -34.882),2320.173,3.000,0.751,0.000,0.010,(17.928 -0.003 16.163)
26,(723.233 -0.011 716.521),(0.738 0.002 0.675),(7.926 0.000 7.232),(-40.704 0.003 -36.722),2355.724,3.000,0.751,0.000,0.016,(18.312 0.000 16.509)
26.2,(724.834 -0.010 717.981),(0.738 0.002 0.674),(8.094 0.000 7.377),(-42.807 0.004 -38.602),2386.182,3.000,0.751,0.000,0.017,(18.696 -0.001 16.855)
26.4,(726.475 -0.010 719.476),(0.738 0.002 0.674),(8.266 0.000 7.535),(-44.948 0.004 -40.516),2371.038,3.000,0.751,0.000,0.017,(19.078 -0.001 17.199)
26.6,(728.148 -0.011 721.002),(0.739 0.002 0.674),(8.460 0.000 7.708),(-47.132 0.004 -42.468),2455.372,3.000,0.751,0.000,0.017,(19.459 -0.001 17.543)
26.8,(729.860 -0.010 722.562),(0.739 0.002 0.674),(8.630 0.000 7.861),(-49.353 0.004 -44.454),2477.203,3.000,0.751,0.000,0.019,(19.840 -0.001 17.886)
27,(731.609 -0.011 724.154),(0.739 0.002 0.674),(8.831 0.000 8.040),(-51.615 0.004 -46.477),2537.516,3.000,0.751,0.000,0.019,(20.219 -0.001 18.228)
27.2,(733.394 -0.010 725.779),(0.739 0.002 0.674),(9.002 0.000 8.190),(-53.915 0.004 -48.535),2583.468,3.000,0.751,0.000,0.019,(20.598 -0.001 18.570)
27.4,(735.217 -0.011 727.437),(0.739 0.002 0.674),(9.206 0.000 8.374),(-56.253 0.004 -50.628),2644.273,3.000,0.751,0.000,0.019,(20.975 -0.001 18.910)
27.6,(737.076 -0.011 729.128),(0.739 0.002 0.673),(9.381 0.000 8.526),(-58.631 0.004 -52.757),2692.908,3.000,0.751,0.000,0.019,(21.352 -0.001 19.250)
27.8,(738.975 -0.011 730.854),(0.739 0.002 0.673),(9.590 0.000 8.715),(-61.043 0.004 -54.918),2753.227,3.000,0.751,0.000,0.019,(21.728 -0.001 19.588)
28,(740.910 -0.011 732.612),(0.740 0.002 0.673),(9.768 0.000 8.870),(-63.495 0.005 -57.115),2803.515,3.000,0.752,0.000,0.019,(22.103 -0.001 19.926)
28.2,(742.887 -0.011 734.407),(0.740 0.002 0.673),(9.960 0.000 9.043),(-65.980 0.005 -59.342),2806.682,3.000,0.809,0.000,0.019,(22.476 -0.001 20.263)
28.4,(744.905 -0.011 736.238),(0.740 0.002 0.673),(10.202 0.000 9.257),(-68.492 0.004 -61.595),2926.737,3.000,0.820,0.000,0.019,(22.709 -0.001 20.473)
28.6,(746.971 -0.011 738.112),(0.740 0.002 0.673),(10.416 0.000 9.448),(-70.972 0.004 -63.819),2980.102,3.000,0.822,0.000,0.021,(22.851 0.000 20.601)
28.8,(749.082 -0.011 740.027),(0.740 0.003 0.672),(10.672 0.000 9.674),(-73.470 0.005 -66.060),3060.317,3.000,0.822,0.000,0.023,(23.171 -0.001 20.889)
29,(751.241 -0.011 741.983),(0.741 0.002 0.672),(10.894 0.000 9.864),(-75.972 0.004 -68.306),3119.846,3.000,0.821,0.000,0.023,(23.420 0.000 21.114)
29.2,(753.449 -0.011 743.982),(0.741 0.003 0.672),(11.156 0.000 10.095),(-78.475 0.004 -70.555),3196.591,3.000,0.822,0.000,0.023,(23.668 -0.001 21.338)
29.4,(755.703 -0.011 746.021),(0.741 0.002 0.671),(11.383 0.000 10.288),(-80.982 0.004 -72.808),3259.160,3.000,0.821,0.000,0.023,(23.916 0.000 21.561)
29.6,(758.009 -0.011 748.104),(0.741 0.003 0.671),(11.644 0.000 10.518),(-83.486 0.004 -75.061),3371.880,3.000,0.821,0.000,0.023,(24.163 -0.001 21.783)
29.8,(760.349 -0.011 750.217),(0.742 0.001 0.670),(11.746 0.000 10.588),(-86.006 0.005 -77.330),3536.849,3.000,0.110,0.000,0.023,(24.409 -0.001 22.005)
30,(762.693 -0.010 752.326),(0.743 -0.001 0.669),(11.699 0.000 10.508),(-88.571 0.006 -79.645),2990.787,0.000,0.000,0.000,0.023,(24.654 -0.001 22.227)
30.2,(765.027 -0.010 754.421),(0.745 0.000 0.667),(11.659 0.000 10.435),(-91.194 0.006 -82.021),2412.463,4.000,0.000,0.000,0.023,(24.899 -0.001 22.447)
30.4,(767.352 -0.010 756.498),(0.746 -0.001 0.666),(11.593 0.000 10.338),(-93.877 0.006 -84.457),2088.373,4.000,0.000,0.000,0.021,(25.143 -0.001 22.667)
30.6,(769.659 -0.010 758.554),(0.746 -0.001 0.665),(11.487 0.001 10.233),(-96.625 0.007 -86.958),2093.505,4.000,0.230,0.000,0.002,(25.386 -0.001 22.886)
30.8,(771.950 -0.010 760.597),(0.746 0.000 0.666),(11.449 0.000 10.217),(-99.438 0.006 -89.517),2375.952,4.000,0.407,0.000,-0.004,(25.628 -0.001 23.105)
31,(774.242 -0.011 762.642),(0.746 0.001 0.666),(11.494 0.000 10.259),(-102.298 0.006 -92.116),2393.778,4.000,0.672,0.000,-0.006,(25.870 -0.001 23.323)
31.2,(776.551 -0.011 764.704),(0.746 0.001 0.666),(11.576 0.000 10.339),(-105.189 0.006 -94.743),2361.202,4.000,0.711,0.000,-0.012,(26.111 -0.001 23.540)
31.4,(778.878 -0.011 766.783),(0.746 0.001 0.666),(11.691 0.000 10.446),(-108.111 0.006 -97.396),2428.564,4.000,0.758,0.000,-0.012,(26.351 -0.001 23.756)
31.6,(781.229 -0.011 768.884),(0.746 0.001 0.666),(11.797 0.000 10.537),(-111.056 0.006 -100.070),2446.068,4.000,0.764,0.000,-0.010,(26.590 -0.001 23.972)
31.8,(783.603 -0.011 771.004),(0.746 0.002 0.666),(11.928 0.000 10.657),(-114.026 0.006 -102.768),2464.966,4.000,0.771,0.000,-0.012,(26.828 -0.001 24.187)
32,(786.001 -0.011 773.147),(0.746 0.001 0.666),(12.039 0.000 10.761),(-117.020 0.006 -105.486),2480.990,4.000,0.797,0.000,-0.014,(27.066 -0.001 24.401)
32.2,(788.425 -0.011 775.314),(0.746 0.002 0.666),(12.179 0.000 10.892),(-120.036 0.006 -108.223),2506.029,4.000,0.798,0.000,-0.014,(27.303 -0.001 24.614)
32.4,(790.872 -0.011 777.503),(0.746 0.001 0.666),(12.294 0.000 10.998),(-123.075 0.006 -110.980),2529.953,4.000,0.798,0.000,-0.012,(27.539 -0.001 24.827)
32.6,(793.347 -0.011 779.717),(0.746 0.002 0.666),(12.439 0.000 11.126),(-126.134 0.006 -113.755),2559.593,4.000,0.799,0.000,-0.010,(27.774 -0.001 25.039)
32.8,(795.847 -0.011 781.952),(0.746 0.001 0.666),(12.560 0.000 11.229),(-129.215 0.006 -116.551),2584.100,4.000,0.800,0.000,-0.006,(28.008 -0.001 25.250)
33,(798.375 -0.011 784.212),(0.746 0.002 0.666),(12.686 0.000 11.338),(-132.314 0.007 -119.364),2560.638,4.000,0.800,0.000,-0.004,(28.242 -0.001 25.461)
33.2,(800.927 -0.011 786.493),(0.746 0.002 0.666),(12.829 0.000 11.464),(-135.436 0.007 -122.199),2638.920,4.000,0.800,0.000,-0.004,(28.475 -0.001 25.671)
33.4,(803.507 -0.011 788.799),(0.746 0.001 0.666),(12.949 0.000 11.572),(-138.576 0.007 -125.050),2661.642,4.000,0.800,0.000,-0.004,(28.706 -0.001 25.880)
33.6,(806.114 -0.011 791.128),(0.746 0.002 0.666),(13.096 0.000 11.706),(-141.737 0.007 -127.919),2694.251,4.000,0.799,0.000,-0.006,(28.937 -0.001 26.088)
33.8,(808.746 -0.011 793.482),(0.746 0.001 0.666),(13.214 0.000 11.818),(-144.917 0.007 -130.806),2718.857,4.000,0.800,0.000,-0.012,(29.168 -0.001 26.296)
34,(811.406 -0.011 795.861),(0.746 0.002 0.666),(13.362 0.000 11.954),(-148.116 0.007 -133.709),2750.019,4.000,0.799,0.000,-0.014,(29.397 -0.001 26.502)
34.2,(814.090 -0.011 798.263),(0.745 0.001 0.667),(13.480 0.000 12.070),(-151.336 0.007 -136.630),2775.206,4.000,0.799,0.000,-0.016,(29.626 -0.001 26.708)
34.4,(816.803 -0.011 800.693),(0.745 0.002 0.667),(13.627 0.000 12.209),(-154.574 0.007 -139.565),2806.320,4.000,0.799,0.000,-0.016,(29.853 -0.001 26.914)
34.6,(819.539 -0.011 803.145),(0.745 0.002 0.667),(13.741 0.000 12.322),(-157.833 0.007 -142.517),2832.532,4.000,0.634,0.000,-0.016,(30.080 -0.001 27.118)
34.8,(822.288 -0.010 805.612),(0.744 0.000 0.668),(13.715 0.000 12.318),(-161.125 0.008 -145.497),2638.252,0.000,0.000,0.000,-0.016,(30.306 -0.001 27.322)
35,(825.022 -0.010 808.070),(0.744 0.000 0.669),(13.633 0.000 12.270),(-164.477 0.008 -148.526),2155.605,0.000,0.000,0.000,-0.016,(30.531 -0.001 27.525)
35.2,(827.740 -0.010 810.518),(0.743 0.000 0.669),(13.551 0.000 12.221),(-167.890 0.009 -151.605),1722.492,0.000,0.000,0.000,-0.016,(30.756 -0.001 27.727)
35.4,(830.442 -0.010 812.956),(0.742 0.000 0.670),(13.469 0.000 12.173),(-171.364 0.009 -154.734),1332.233,0.000,0.000,0.000,-0.016,(30.979 -0.001 27.929)
35.6,(833.127 -0.010 815.385),(0.742 0.000 0.671),(13.388 0.000 12.124),(-174.899 0.009 -157.913),1100.010,0.000,0.000,0.000,-0.016,(31.202 -0.001 28.129)
35.8,(835.794 -0.010 817.802),(0.741 -0.001 0.672),(13.263 0.000 12.036),(-178.497 0.009 -161.144),1359.532,5.000,0.000,0.000,-0.016,(31.423 -0.001 28.329)
36,(838.426 -0.010 820.193),(0.740 -0.001 0.672),(13.069 0.000 11.884),(-182.148 0.008 -164.418),1999.837,5.000,0.000,0.000,-0.016,(31.370 0.000 28.281)
36.2,(841.024 -0.010 822.557),(0.740 0.000 0.673),(12.964 0.000 11.811),(-185.849 0.009 -167.732),2302.949,5.000,0.559,0.000,-0.016,(31.566 -0.001 28.458)
36.4,(843.621 -0.011 824.924),(0.739 0.001 0.674),(13.003 0.000 11.862),(-189.583 0.008 -171.072),2318.551,5.000,0.717,0.000,-0.008,(31.734 0.000 28.609)
36.6,(846.229 -0.011 827.303),(0.739 0.001 0.673),(13.084 0.000 11.923),(-193.340 0.008 -174.433),2337.424,5.000,0.818,0.000,0.002,(31.902 0.000 28.760)
36.8,(848.859 -0.011 829.698),(0.739 0.002 0.673),(13.212 0.000 12.022),(-197.108 0.008 -177.806),2355.830,5.000,0.880,0.000,0.010,(32.069 0.000 28.911)
37,(851.511 -0.011 832.111),(0.739 0.001 0.673),(13.316 0.000 12.114),(-200.888 0.009 -181.192),2369.554,5.000,0.887,0.000,0.010,(32.235 0.000 29.061)
37.2,(854.188 -0.011 834.547),(0.739 0.001 0.673),(13.425 0.000 12.214),(-204.603 0.009 -184.603),2336.446,5.000,0.889,0.000,0.010,(31.636 -0.008 29.586)
37.4,(856.887 -0.011 837.001),(0.739 0.002 0.673),(13.551 0.000 12.327),(-208.243 0.008 -188.091),2400.291,5.000,0.895,0.000,0.010,(31.762 0.009 29.778)
37.6,(859.610 -0.011 839.479),(0.740 0.001 0.673),(13.660 0.000 12.423),(-211.890 0.009 -191.585),2415.074,5.000,0.902,0.000,0.014,(31.926 -0.005 29.928)
37.8,(862.358 -0.011 841.976),(0.740 0.002 0.673),(13.801 0.000 12.538),(-215.546 0.009 -195.090),2432.120,5.000,0.902,0.000,0.017,(32.087 0.001 30.079)
38,(865.131 -0.011 844.494),(0.740 0.001 0.672),(13.921 0.000 12.626),(-219.205 0.008 -198.573),2446.357,5.000,0.902,0.000,0.019,(32.348 -0.032 29.674)
38.2,(867.931 -0.012 847.032),(0.741 0.002 0.672),(14.066 0.000 12.736),(-222.938 0.009 -201.937),2463.927,5.000,0.902,0.000,0.019,(32.775 0.025 29.523)
38.4,(870.757 -0.011 849.588),(0.741 0.001 0.671),(14.189 0.000 12.823),(-226.684 0.008 -205.303),2477.176,5.000,0.904,0.000,0.019,(32.928 -0.007 29.683)
38.6,(873.610 -0.012 852.165),(0.742 0.002 0.670),(14.336 0.000 12.935),(-230.433 0.009 -208.679),2495.850,5.000,0.904,0.000,0.019,(33.091 0.001 29.829)
38.8,(876.489 -0.012 854.761),(0.743 0.002 0.670),(14.460 0.000 13.021),(-234.191 0.009 -212.065),2514.797,5.000,0.904,0.000,0.019,(33.253 -0.001 29.975)
39,(879.397 -0.012 857.377),(0.743 0.002 0.669),(14.587 0.000 13.114),(-237.952 0.009 -215.460),2486.654,5.000,0.905,0.000,0.019,(33.414 0.000 30.121)
39.2,(882.330 -0.012 860.011),(0.744 0.002 0.668),(14.734 0.000 13.220),(-241.719 0.009 -218.866),2558.353,5.000,0.905,0.000,0.019,(33.575 0.000 30.265)
39.4,(885.291 -0.012 862.667),(0.745 0.001 0.668),(14.859 0.000 13.309),(-245.399 0.010 -222.306),2576.787,5.000,0.913,0.000,0.019,(32.905 -0.004 30.842)
39.6,(888.280 -0.012 865.342),(0.745 0.002 0.667),(15.018 0.000 13.427),(-249.006 0.008 -225.820),2603.315,5.000,0.945,0.000,0.019,(33.051 0.005 31.001)
39.8,(891.299 -0.012 868.039),(0.746 0.001 0.666),(15.155 0.000 13.525),(-252.615 0.009 -229.340),2624.665,5.000,0.945,0.000,0.019,(33.208 -0.004 31.148)
40,(894.347 -0.012 870.758),(0.746 0.002 0.666),(15.318 0.000 13.651),(-256.225 0.009 -232.866),2651.442,5.000,0.945,0.000,0.017,(33.364 0.001 31.294)
40.2,(897.424 -0.012 873.499),(0.746 0.002 0.666),(15.447 0.000 13.760),(-259.838 0.009 -236.400),2673.270,5.000,0.945,0.000,0.008,(33.520 -0.001 31.440)
40.4,(900.530 -0.012 876.268),(0.746 0.002 0.666),(15.591 0.000 13.910),(-263.453 0.009 -239.935),2700.031,5.000,0.945,0.000,-0.002,(33.675 0.000 31.585)
40.6,(903.660 -0.012 879.061),(0.746 0.002 0.666),(15.716 0.000 14.026),(-267.075 0.009 -243.475),2722.201,5.000,0.945,0.000,-0.002,(33.829 0.000 31.730)
40.8,(906.820 -0.012 881.881),(0.746 0.002 0.666),(15.849 0.000 14.144),(-270.698 0.009 -247.017),2694.391,5.000,0.945,0.000,-0.002,(33.982 0.000 31.873)
41,(910.005 -0.012 884.724),(0.746 0.002 0.666),(15.998 0.000 14.281),(-274.332 0.009 -250.502),2771.443,5.000,0.944,0.000,-0.006,(34.404 -0.016 31.247)
41.2,(913.220 -0.012 887.595),(0.746 0.002 0.666),(16.121 0.000 14.403),(-278.040 0.009 -253.872),2792.368,5.000,0.944,0.000,-0.014,(34.681 0.016 31.251)
41.4,(916.460 -0.012 890.492),(0.746 0.002 0.666),(16.269 0.000 14.553),(-281.751 0.009 -257.241),2820.987,5.000,0.944,0.000,-0.019,(34.833 -0.007 31.397)
41.6,(919.728 -0.012 893.417),(0.745 0.002 0.667),(16.384 -0.001 14.685),(-285.443 0.008 -260.611),2843.137,5.000,0.944,0.000,-0.021,(34.422 -0.022 31.688)
41.8,(923.020 -0.012 896.372),(0.744 0.002 0.668),(16.519 0.000 14.852),(-289.007 0.010 -264.056),2870.849,5.000,0.940,0.000,-0.029,(34.238 0.027 32.171)
42,(926.334 -0.012 899.358),(0.742 0.002 0.670),(16.609 0.000 15.011),(-292.561 0.009 -267.517),2893.246,5.000,0.940,0.000,-0.033,(34.410 -0.008 32.294)
42.2,(929.670 -0.013 902.380),(0.741 0.002 0.672),(16.728 0.000 15.197),(-296.123 0.009 -270.969),2920.736,5.000,0.941,0.000,-0.029,(34.560 0.001 32.436)
42.4,(933.026 -0.012 905.433),(0.740 0.002 0.673),(16.834 0.000 15.342),(-299.696 0.009 -274.419),2943.566,5.000,0.942,0.000,-0.017,(34.710 -0.001 32.577)
42.6,(936.409 -0.012 908.517),(0.739 0.002 0.673),(16.968 0.000 15.465),(-303.271 0.009 -277.865),2913.861,5.000,0.943,0.000,-0.008,(34.859 -0.001 32.717)
42.8,(939.820 -0.013 911.625),(0.739 0.002 0.673),(17.128 0.000 15.601),(-306.849 0.009 -281.316),2994.271,5.000,0.942,0.000,-0.004,(35.008 0.000 32.856)
43,(943.261 -0.012 914.759),(0.739 0.002 0.673),(17.259 0.000 15.720),(-310.425 0.010 -284.768),3015.784,5.000,0.942,0.000,-0.004,(35.156 0.000 32.996)
43.2,(946.731 -0.013 917.920),(0.739 0.002 0.673),(17.420 0.000 15.866),(-314.003 0.009 -288.222),3045.268,5.000,0.943,0.000,-0.004,(35.304 0.000 33.134)
43.4,(950.230 -0.012 921.106),(0.739 0.002 0.673),(17.552 0.000 15.987),(-317.581 0.010 -291.677),3068.035,5.000,0.942,0.000,-0.004,(35.451 0.000 33.272)
43.6,(953.758 -0.013 924.320),(0.739 0.002 0.673),(17.714 0.000 16.134),(-321.159 0.009 -295.133),3096.579,5.000,0.943,0.000,-0.004,(35.597 0.000 33.409)
43.8,(957.315 -0.013 927.559),(0.739 0.002 0.673),(17.847 0.000 16.255),(-324.738 0.010 -298.591),3119.795,5.000,0.943,0.000,-0.002,(35.742 0.000 33.545)
44,(960.902 -0.013 930.826),(0.739 0.002 0.673),(18.012 0.000 16.401),(-328.315 0.010 -302.047),3148.284,5.000,0.943,0.000,-0.002,(35.887 0.000 33.681)
44.2,(964.517 -0.013 934.118),(0.739 0.002 0.673),(18.145 0.000 16.523),(-331.893 0.010 -305.507),3171.785,5.000,0.943,0.000,0.000,(36.031 0.000 33.817)
44.4,(968.165 -0.013 937.438),(0.740 0.002 0.673),(18.291 0.000 16.643),(-335.454 0.010 -308.956),3140.098,5.000,0.943,0.000,0.006,(36.097 0.000 33.897)
44.6,(971.840 -0.013 940.782),(0.740 0.002 0.673),(18.453 0.000 16.785),(-338.934 0.010 -312.425),3223.990,5.000,0.943,0.000,0.006,(35.380 -0.011 34.448)
44.8,(975.547 -0.013 944.154),(0.740 0.002 0.673),(18.589 -0.001 16.905),(-342.305 0.010 -315.974),3246.076,5.000,0.943,0.000,0.010,(35.443 0.012 34.663)
45,(979.284 -0.013 947.551),(0.740 0.002 0.673),(18.757 0.000 17.052),(-345.673 0.010 -319.524),3276.401,5.000,0.944,0.000,0.010,(35.587 -0.006 34.797)
45.2,(983.050 -0.013 950.975),(0.740 0.002 0.673),(18.894 0.000 17.174),(-349.039 0.010 -323.074),3299.750,5.000,0.943,0.000,0.010,(35.727 0.002 34.933)
45.4,(986.848 -0.013 954.427),(0.740 0.002 0.673),(19.061 0.000 17.324),(-352.402 0.010 -326.624),3329.051,5.000,0.943,0.000,0.010,(35.865 -0.001 35.069)
45.6,(990.674 -0.013 957.904),(0.740 0.002 0.673),(19.199 0.000 17.445),(-355.758 0.009 -330.165),3352.769,5.000,0.943,0.000,0.010,(35.927 0.000 34.927)
45.8,(994.532 -0.013 961.410),(0.740 0.002 0.673),(19.366 0.000 17.597),(-359.155 0.011 -333.547),3381.916,5.000,0.943,0.000,0.010,(36.520 0.020 34.254)
46,(998.419 -0.013 964.941),(0.740 0.002 0.673),(19.505 0.000 17.718),(-362.579 0.009 -336.882),3405.887,5.000,0.944,0.000,0.010,(36.590 -0.005 34.377)
46.2,(1002.338 -0.013 968.501),(0.740 0.002 0.673),(19.672 0.000 17.871),(-365.988 0.010 -340.207),3435.014,5.000,0.943,0.000,0.010,(36.687 0.000 34.467)
46.4,(1006.291 -0.014 972.092),(0.740 0.002 0.673),(19.840 0.000 18.023),(-369.383 0.009 -343.519),3464.397,5.000,0.943,0.000,0.010,(36.784 0.000 34.558)
46.6,(1010.277 -0.014 975.714),(0.740 0.002 0.673),(20.009 0.000 18.176),(-372.764 0.009 -346.819),3493.825,5.000,0.943,0.000,0.010,(36.880 -0.001 34.648)
46.8,(1014.298 -0.014 979.366),(0.740 0.002 0.673),(20.177 0.000 18.330),(-376.076 0.010 -350.122),3523.302,5.000,0.943,0.000,0.010,(36.490 -0.001 34.961)
47,(1018.352 -0.014 983.048),(0.740 0.002 0.673),(20.350 -0.001 18.479),(-379.334 0.009 -353.439),3552.844,5.000,0.943,0.000,0.014,(36.608 0.001 35.026)
47.2,(1022.442 -0.014 986.760),(0.740 0.002 0.672),(20.529 0.000 18.622),(-382.576 0.009 -356.742),3582.460,5.000,0.943,0.000,0.017,(36.703 -0.002 35.118)
47.4,(1026.568 -0.014 990.500),(0.741 0.002 0.672),(20.712 0.000 18.762),(-385.801 0.009 -360.036),3612.101,5.000,0.943,0.000,0.017,(36.797 0.001 35.208)
47.6,(1030.731 -0.014 994.268),(0.741 0.002 0.671),(20.895 0.000 18.901),(-389.008 0.009 -363.319),3641.778,5.000,0.943,0.000,0.016,(36.890 -0.001 35.297)
47.8,(1034.929 -0.014 998.064),(0.742 0.003 0.671),(21.075 0.000 19.045),(-392.198 0.009 -366.592),3671.509,5.000,0.943,0.000,0.016,(36.983 0.000 35.387)
48,(1039.164 -0.014 1001.889),(0.742 0.003 0.670),(21.254 0.000 19.190),(-395.370 0.009 -369.854),3701.261,5.000,0.943,0.000,0.014,(37.076 0.000 35.475)
48.2,(1043.433 -0.014 1005.744),(0.742 0.003 0.670),(21.424 0.000 19.346),(-398.526 0.009 -373.104),3731.076,5.000,0.944,0.000,0.010,(37.168 0.000 35.564)
48.4,(1047.737 -0.014 1009.631),(0.742 0.003 0.670),(21.595 0.000 19.501),(-401.666 0.009 -376.340),3760.909,5.000,0.943,0.000,0.010,(37.260 0.000 35.651)
48.6,(1052.075 -0.014 1013.548),(0.742 0.003 0.670),(21.770 -0.001 19.651),(-404.790 0.009 -379.563),3790.767,5.000,0.944,0.000,0.016,(37.352 0.000 35.739)
48.8,(1056.449 -0.014 1017.494),(0.742 0.003 0.670),(21.955 0.000 19.791),(-407.896 0.009 -382.774),3820.656,5.000,0.944,0.000,0.017,(37.443 0.000 35.826)
49,(1060.860 -0.014 1021.467),(0.743 0.003 0.669),(22.146 0.000 19.925),(-410.918 0.010 -385.995),3850.562,5.000,0.943,0.000,0.019,(37.029 0.008 36.131)
49.2,(1065.310 -0.015 1025.467),(0.744 0.003 0.669),(22.335 0.000 20.061),(-413.796 0.002 -389.137),3880.500,5.000,0.943,0.000,0.016,(36.020 0.003 35.096)
49.4,(1069.797 -0.015 1029.495),(0.744 0.003 0.668),(22.514 0.000 20.207),(-416.312 -0.003 -391.932),3910.446,5.000,0.943,0.000,0.010,(34.131 0.006 33.254)
49.6,(1074.318 -0.015 1033.554),(0.744 0.003 0.668),(22.678 -0.001 20.371),(-418.413 -0.002 -394.324),3940.386,5.000,0.943,0.000,0.002,(32.372 0.006 31.539)
49.8,(1078.871 -0.015 1037.646),(0.744 0.003 0.668),(22.832 0.000 20.520),(-420.159 -0.003 -396.370),3968.989,5.000,0.790,0.000,0.002,(30.778 0.004 29.985)
50,(1083.445 -0.014 1041.756),(0.744 0.001 0.668),(22.873 0.000 20.557),(-421.559 -0.003 -398.079),3978.944,5.000,0.392,0.000,0.002,(29.142 0.005 28.390)
50.2,(1088.020 -0.014 1045.868),(0.744 0.001 0.668),(22.899 0.000 20.578),(-422.669 -0.003 -399.506),3982.152,5.000,0.641,0.000,0.006,(27.795 0.003 27.077)
50.4,(1092.609 -0.014 1049.990),(0.744 0.002 0.668),(22.986 0.000 20.636),(-423.473 -0.006 -400.638),3994.674,5.000,0.718,0.000,0.008,(26.253 0.004 25.574)
50.6,(1097.217 -0.015 1054.128),(0.744 0.002 0.669),(23.079 -0.001 20.743),(-423.946 -0.005 -401.449),4012.303,5.000,0.793,0.000,-0.006,(24.800 0.004 24.158)
50.8,(1101.845 -0.015 1058.292),(0.743 0.002 0.669),(23.191 0.000 20.878),(-424.119 -0.006 -401.962),4034.394,5.000,0.845,0.000,-0.012,(23.373 0.003 22.767)
51,(1106.498 -0.015 1062.481),(0.743 0.002 0.669),(23.326 0.000 21.008),(-423.983 -0.007 -402.172),4058.433,5.000,0.854,0.000,-0.012,(21.970 0.003 21.400)
51.2,(1111.178 -0.015 1066.697),(0.743 0.002 0.669),(23.461 0.000 21.140),(-423.549 -0.008 -402.092),4082.877,5.000,0.856,0.000,-0.012,(20.595 0.003 20.060)
51.4,(1115.885 -0.015 1070.940),(0.743 0.002 0.669),(23.594 -0.001 21.277),(-422.807 -0.009 -401.711),4107.476,5.000,0.860,0.000,-0.016,(19.186 0.003 18.687)
51.6,(1120.618 -0.015 1075.212),(0.742 0.002 0.670),(23.714 0.000 21.430),(-421.760 -0.009 -401.029),4132.310,5.000,0.864,0.000,-0.019,(17.772 0.002 17.309)
51.8,(1125.374 -0.015 1079.515),(0.741 0.003 0.671),(23.831 0.000 21.594),(-420.405 -0.010 -400.038),4157.630,5.000,0.886,0.000,-0.021,(16.364 0.002 15.936)
52,(1130.153 -0.015 1083.853),(0.740 0.003 0.672),(23.947 0.000 21.772),(-418.748 -0.010 -398.742),4184.084,5.000,0.892,0.000,-0.021,(14.970 0.002 14.578)
52.2,(1134.956 -0.015 1088.226),(0.739 0.003 0.674),(24.064 0.000 21.950),(-416.801 -0.010 -397.148),4210.852,5.000,0.893,0.000,-0.021,(13.667 0.002 13.308)
52.4,(1139.782 -0.015 1092.636),(0.738 0.003 0.675),(24.175 -0.001 22.135),(-414.557 -0.012 -395.253),4237.629,5.000,0.877,0.000,-0.025,(12.273 0.002 11.950)
52.6,(1144.623 -0.015 1097.079),(0.736 0.002 0.677),(24.212 -0.001 22.284),(-412.029 -0.010 -393.062),4255.316,5.000,0.696,0.000,-0.025,(11.026 0.001 10.736)
52.8,(1149.461 -0.015 1101.544),(0.734 0.001 0.679),(24.118 0.000 22.332),(-409.236 -0.011 -390.588),4255.493,5.000,0.000,0.000,-0.025,(9.604 0.001 9.350)
53,(1154.258 -0.014 1106.001),(0.732 -0.001 0.682),(23.874 0.000 22.257),(-406.207 -0.011 -387.852),4226.416,5.000,0.000,0.000,-0.025,(8.231 0.001 8.014)
53.2,(1159.008 -0.014 1110.443),(0.729 0.000 0.684),(23.635 0.001 22.178),(-402.958 -0.011 -384.871),4196.769,5.000,0.000,0.000,-0.023,(6.868 0.001 6.686)
53.4,(1163.713 -0.014 1114.869),(0.728 0.000 0.686),(23.443 0.001 22.109),(-399.476 -0.011 -381.636),4170.417,5.000,0.341,0.000,-0.016,(5.489 0.001 5.344)
53.6,(1168.395 -0.015 1119.291),(0.727 0.001 0.687),(23.388 0.000 22.123),(-395.754 -0.011 -378.148),4165.320,5.000,0.459,0.000,-0.014,(4.283 0.001 4.169)
53.8,(1173.073 -0.015 1123.720),(0.726 0.002 0.688),(23.391 0.001 22.169),(-391.795 -0.011 -374.419),4168.850,5.000,0.563,0.000,-0.006,(3.043 0.000 2.962)
54,(1177.756 -0.015 1128.157),(0.726 0.002 0.687),(23.445 -0.001 22.194),(-387.577 -0.012 -370.434),4175.651,5.000,0.618,0.000,0.008,(1.742 0.000 1.696)
54.2,(1182.453 -0.015 1132.600),(0.727 0.002 0.687),(23.525 0.000 22.235),(-383.090 -0.012 -366.196),4186.580,5.000,0.670,0.000,0.014,(0.428 0.000 0.417)
54.4,(1187.169 -0.015 1137.053),(0.727 0.002 0.686),(23.628 -0.001 22.282),(-378.389 -0.007 -361.758),4200.115,5.000,0.694,0.000,0.016,(-0.024 0.000 -0.023)
54.6,(1191.906 -0.015 1141.515),(0.728 0.002 0.685),(23.736 0.000 22.328),(-373.651 -0.006 -357.295),4214.312,5.000,0.694,0.000,0.016,(0.003 0.000 0.003)
54.8,(1196.664 -0.015 1145.986),(0.729 0.002 0.685),(23.839 0.000 22.380),(-368.893 -0.006 -352.824),4228.632,5.000,0.702,0.000,0.012,(0.000 0.000 0.000)
55,(1201.443 -0.015 1150.470),(0.729 0.002 0.684),(23.938 0.000 22.443),(-364.115 -0.006 -348.341),4243.538,5.000,0.715,0.000,0.014,(0.000 0.000 0.000)
55.2,(1206.242 -0.015 1154.965),(0.730 0.002 0.683),(24.054 0.000 22.501),(-359.315 -0.006 -343.845),4259.398,5.000,0.735,0.000,0.017,(0.000 0.000 0.000)
55.4,(1211.067 -0.015 1159.472),(0.731 0.002 0.682),(24.184 0.000 22.557),(-354.491 -0.006 -339.338),4276.524,5.000,0.752,0.000,0.017,(0.000 0.000 0.000)
55.6,(1215.918 -0.015 1163.990),(0.732 0.002 0.681),(24.320 -0.001 22.614),(-349.640 -0.006 -334.820),4294.373,5.000,0.757,0.000,0.019,(0.000 0.000 0.000)
55.8,(1220.797 -0.015 1168.520),(0.733 0.002 0.680),(24.461 0.000 22.666),(-344.761 -0.006 -330.291),4312.339,5.000,0.757,0.000,0.019,(0.000 0.000 0.000)
56,(1225.704 -0.015 1173.059),(0.734 0.002 0.679),(24.602 0.000 22.717),(-339.854 -0.007 -325.751),4330.229,5.000,0.754,0.000,0.017,(0.000 0.000 0.000)
56.2,(1230.639 -0.015 1177.609),(0.735 0.002 0.678),(24.736 0.000 22.774),(-334.919 -0.007 -321.201),4347.972,5.000,0.754,0.000,0.014,(0.000 0.000 0.000)
56.4,(1235.596 -0.015 1182.171),(0.736 0.002 0.677),(24.809 0.000 22.833),(-329.961 -0.006 -316.639),4362.295,5.000,0.376,0.000,-0.002,(0.000 0.000 0.000)
56.6,(1240.542 -0.014 1186.727),(0.735 -0.001 0.678),(24.651 0.001 22.725),(-325.015 -0.005 -312.083),4340.812,5.000,0.000,0.000,-0.008,(0.000 0.000 0.000)
56.8,(1245.453 -0.014 1191.256),(0.735 0.000 0.678),(24.467 0.000 22.579),(-320.105 -0.005 -307.554),4311.143,5.000,0.000,0.000,-0.010,(0.000 0.000 0.000)
57,(1250.326 -0.014 1195.757),(0.734 0.000 0.679),(24.272 0.000 22.449),(-315.232 -0.005 -303.054),4280.917,5.000,0.000,0.000,-0.014,(0.000 0.000 0.000)
57.2,(1255.158 -0.014 1200.232),(0.733 0.000 0.680),(24.070 0.001 22.326),(-310.399 -0.005 -298.578),4251.083,5.000,0.000,0.000,-0.014,(0.000 0.000 0.000)
57.4,(1259.952 -0.014 1204.685),(0.732 0.000 0.681),(23.892 0.000 22.224),(-305.606 -0.005 -294.126),4223.297,5.000,0.306,0.000,-0.014,(0.000 0.000 0.000)
57.6,(1264.724 -0.015 1209.129),(0.731 0.001 0.682),(23.832 0.000 22.231),(-300.834 -0.006 -289.681),4217.139,5.000,0.444,0.000,-0.014,(0.000 0.000 0.000)
57.8,(1269.489 -0.015 1213.581),(0.730 0.002 0.683),(23.827 0.000 22.294),(-296.132 -0.003 -285.290),4220.714,5.000,0.608,0.000,-0.017,(0.504 0.000 0.490)
58,(1274.257 -0.015 1218.049),(0.729 0.002 0.684),(23.846 0.000 22.389),(-291.478 -0.006 -280.933),4230.560,5.000,0.650,0.000,-0.017,(0.626 0.000 0.610)
58.2,(1279.030 -0.015 1222.538),(0.728 0.002 0.685),(23.877 0.000 22.493),(-286.839 -0.006 -276.575),4242.433,5.000,0.677,0.000,-0.017,(0.703 0.000 0.684)
58.4,(1283.810 -0.015 1227.048),(0.727 0.002 0.687),(23.918 0.000 22.603),(-282.206 -0.006 -272.209),4256.008,5.000,0.692,0.000,-0.017,(0.768 0.000 0.748)
58.6,(1288.599 -0.015 1231.580),(0.726 0.002 0.688),(23.961 0.000 22.715),(-277.578 -0.006 -267.833),4269.982,5.000,0.694,0.000,-0.017,(0.831 0.000 0.809)
58.8,(1293.397 -0.015 1236.135),(0.725 0.002 0.689),(24.006 0.000 22.828),(-272.953 -0.006 -263.446),4284.192,5.000,0.699,0.000,-0.017,(0.892 0.000 0.869)
59,(1298.203 -0.015 1240.713),(0.724 0.002 0.690),(24.050 0.000 22.942),(-268.331 -0.006 -259.049),4298.536,5.000,0.700,0.000,-0.017,(0.953 0.000 0.928)
59.2,(1303.019 -0.015 1245.313),(0.723 0.002 0.691),(24.095 0.000 23.057),(-263.713 -0.006 -254.641),4312.925,5.000,0.700,0.000,-0.017,(1.014 0.000 0.987)
59.4,(1307.843 -0.015 1249.937),(0.722 0.002 0.692),(24.139 0.000 23.172),(-259.098 -0.006 -250.221),4327.310,5.000,0.703,0.000,-0.017,(1.074 0.000 1.045)
59.6,(1312.677 -0.015 1254.583),(0.721 0.002 0.693),(24.185 0.000 23.288),(-254.487 -0.006 -245.790),4341.986,5.000,0.711,0.000,-0.017,(1.133 0.000 1.103)
59.8,(1317.520 -0.015 1259.253),(0.720 0.002 0.694),(24.235 0.000 23.405),(-249.877 -0.006 -241.346),4357.174,5.000,0.717,0.000,-0.014,(1.219 0.000 1.126)
60,(1322.374 -0.015 1263.945),(0.719 0.002 0.695),(24.306 0.001 23.503),(-245.269 -0.006 -236.889),4372.555,5.000,0.717,0.000,-0.008,(1.247 0.002 1.209)
60.2,(1327.246 -0.015 1268.654),(0.719 0.002 0.695),(24.400 -0.001 23.576),(-240.655 -0.006 -232.424),4387.871,5.000,0.717,0.000,0.000,(1.336 -0.001 1.222)
60.4,(1332.132 -0.015 1273.375),(0.719 0.001 0.695),(24.430 0.000 23.597),(-236.037 -0.006 -227.959),4396.455,5.000,0.118,0.000,0.002,(1.398 -0.002 1.263)
60.6,(1337.001 -0.014 1278.076),(0.719 -0.001 0.695),(24.270 0.000 23.434),(-231.451 -0.005 -223.519),4368.283,5.000,0.000,0.000,0.004,(1.420 0.002 1.352)
60.8,(1341.837 -0.014 1282.745),(0.719 0.000 0.695),(24.109 0.001 23.274),(-226.906 -0.005 -219.127),4337.899,5.000,0.122,0.000,0.004,(1.479 -0.001 1.403)
61,(1346.651 -0.015 1287.392),(0.719 0.001 0.695),(24.050 0.000 23.218),(-222.394 -0.006 -214.766),4325.581,5.000,0.420,0.000,0.004,(1.536 0.000 1.457)
61.2,(1351.462 -0.015 1292.036),(0.719 0.002 0.695),(24.072 0.000 23.232),(-217.895 -0.006 -210.419),4327.647,5.000,0.558,0.000,0.006,(1.591 0.000 1.510)
61.4,(1356.280 -0.015 1296.686),(0.719 0.002 0.695),(24.109 0.000 23.266),(-213.402 -0.006 -206.076),4333.801,5.000,0.609,0.000,0.006,(1.646 0.000 1.562)
61.6,(1361.109 -0.015 1301.345),(0.719 0.002 0.695),(24.169 0.000 23.323),(-208.909 -0.006 -201.736),4344.036,5.000,0.674,0.000,0.006,(1.701 0.000 1.614)
61.8,(1365.950 -0.015 1306.018),(0.719 0.002 0.695),(24.241 0.000 23.396),(-204.413 -0.006 -197.391),4357.081,5.000,0.692,0.000,0.004,(1.755 0.000 1.665)
62,(1370.807 -0.015 1310.706),(0.719 0.002 0.695),(24.316 0.000 23.473),(-199.913 -0.006 -193.042),4370.940,5.000,0.695,0.000,0.004,(1.808 0.000 1.715)
62.2,(1375.679 -0.015 1315.408),(0.719 0.002 0.695),(24.394 0.000 23.546),(-195.409 -0.006 -188.688),4384.821,5.000,0.695,0.000,0.006,(1.861 0.000 1.765)
62.4,(1380.565 -0.015 1320.124),(0.719 0.002 0.695),(24.453 0.000 23.597),(-190.895 -0.006 -184.334),4396.943,5.000,0.321,0.000,0.008,(1.875 0.001 1.838)
62.6,(1385.440 -0.014 1324.827),(0.720 -0.001 0.694),(24.308 0.000 23.437),(-186.404 -0.005 -180.001),4371.885,5.000,0.000,0.000,0.010,(1.946 0.003 1.866)
62.8,(1390.285 -0.014 1329.494),(0.720 0.000 0.694),(24.156 0.000 23.256),(-181.954 -0.005 -175.712),4341.929,5.000,0.000,0.000,0.010,(1.996 -0.001 1.915)
63,(1395.098 -0.014 1334.125),(0.721 -0.001 0.693),(23.982 0.000 23.053),(-177.546 -0.005 -171.470),4308.605,5.000,0.000,0.025,0.010,(2.046 0.000 1.963)
63.2,(1399.873 -0.014 1338.711),(0.721 -0.001 0.693),(23.795 0.000 22.837),(-173.185 -0.005 -167.281),4271.165,5.000,0.000,0.025,0.010,(2.095 0.000 2.010)
63.4,(1404.608 -0.014 1343.252),(0.722 -0.001 0.692),(23.575 0.001 22.593),(-168.871 -0.004 -163.150),4229.501,5.000,0.000,0.040,0.008,(2.075 -0.001 2.110)
63.6,(1409.294 -0.013 1347.742),(0.722 -0.001 0.692),(23.298 0.001 22.321),(-164.613 -0.004 -159.078),4181.184,5.000,0.000,0.094,0.004,(2.170 0.005 2.106)
63.8,(1413.917 -0.013 1352.172),(0.722 -0.002 0.692),(22.967 0.001 22.006),(-160.429 -0.004 -155.075),4122.310,5.000,0.000,0.094,0.004,(2.216 -0.002 2.154)
64,(1418.474 -0.013 1356.537),(0.722 -0.002 0.692),(22.629 0.001 21.676),(-156.321 -0.003 -151.145),4061.917,5.000,0.000,0.120,0.006,(2.263 0.000 2.198)
64.2,(1422.962 -0.012 1360.835),(0.722 -0.002 0.692),(22.287 0.001 21.345),(-152.282 -0.003 -147.297),3999.543,5.000,0.000,0.107,0.006,(2.281 0.001 2.251)
64.4,(1427.380 -0.012 1365.067),(0.722 -0.002 0.692),(21.937 0.001 21.007),(-148.325 -0.003 -143.520),3936.895,5.000,0.000,0.107,0.006,(2.328 0.000 2.293)
64.6,(1431.731 -0.012 1369.233),(0.722 -0.002 0.692),(21.596 0.001 20.682),(-144.443 -0.003 -139.819),3875.964,5.000,0.000,0.094,0.004,(2.357 -0.001 2.340)
64.8,(1436.012 -0.012 1373.334),(0.722 -0.002 0.692),(21.254 0.001 20.362),(-140.638 -0.003 -136.189),3815.729,5.000,0.000,0.120,0.002,(2.405 0.001 2.378)
65,(1440.224 -0.012 1377.369),(0.722 -0.002 0.692),(20.898 0.001 20.021),(-136.913 -0.003 -132.635),3751.645,5.000,0.000,0.120,0.002,(2.448 -0.001 2.421)
65.2,(1444.364 -0.012 1381.335),(0.722 -0.002 0.692),(20.540 0.001 19.678),(-133.267 -0.002 -129.157),3687.366,5.000,0.000,0.107,0.002,(2.490 0.000 2.462)
65.4,(1448.433 -0.012 1385.234),(0.722 -0.002 0.692),(20.193 0.001 19.345),(-129.700 -0.002 -125.756),3624.746,5.000,0.000,0.066,0.000,(2.531 0.000 2.503)
65.6,(1452.454 -0.013 1389.086),(0.722 0.000 0.692),(20.033 0.000 19.197),(-126.190 -0.003 -122.408),3593.136,5.000,0.000,0.000,0.000,(2.572 0.000 2.543)
65.8,(1456.444 -0.012 1392.910),(0.722 0.000 0.692),(19.889 0.000 19.055),(-122.718 -0.003 -119.097),3566.518,5.000,0.000,0.000,0.002,(2.611 0.000 2.582)
66,(1460.408 -0.012 1396.707),(0.722 0.000 0.692),(19.773 0.000 18.943),(-119.281 -0.003 -115.821),3544.310,5.000,0.261,0.000,0.002,(2.651 0.000 2.621)
66.2,(1464.357 -0.013 1400.490),(0.722 0.001 0.692),(19.725 0.000 18.897),(-115.866 -0.004 -112.566),3534.727,5.000,0.372,0.000,0.002,(2.689 0.000 2.659)
66.4,(1468.301 -0.013 1404.268),(0.722 0.001 0.692),(19.713 0.000 18.885),(-112.465 -0.004 -109.324),3532.066,5.000,0.428,0.000,0.002,(2.727 0.000 2.697)
66.6,(1472.244 -0.013 1408.045),(0.722 0.001 0.692),(19.714 0.000 18.884),(-109.071 -0.004 -106.091),3531.908,5.000,0.444,0.000,0.006,(2.764 0.000 2.734)
66.8,(1476.187 -0.013 1411.821),(0.722 0.001 0.692),(19.719 0.000 18.881),(-105.685 -0.004 -102.865),3532.071,5.000,0.445,0.000,0.004,(2.801 0.000 2.770)
67,(1480.130 -0.013 1415.598),(0.722 0.001 0.692),(19.716 0.000 18.887),(-102.305 -0.004 -99.646),3532.280,5.000,0.445,0.000,0.002,(2.837 0.000 2.805)
67.2,(1484.073 -0.013 1419.376),(0.722 0.001 0.692),(19.714 0.000 18.891),(-98.934 -0.004 -96.433),3532.509,5.000,0.446,0.000,0.000,(2.872 0.000 2.840)
67.4,(1488.016 -0.013 1423.154),(0.722 0.001 0.692),(19.715 0.000 18.893),(-95.569 -0.004 -93.226),3532.783,5.000,0.446,0.000,0.000,(2.907 0.000 2.874)
67.6,(1491.959 -0.013 1426.933),(0.722 0.001 0.692),(19.713 0.000 18.895),(-92.211 -0.004 -90.026),3533.163,5.000,0.334,0.000,-0.002,(2.941 0.000 2.908)
67.8,(1495.890 -0.012 1430.701),(0.722 -0.001 0.692),(19.593 0.000 18.780),(-88.876 -0.003 -86.839),3514.075,5.000,0.000,0.000,-0.002,(3.085 -0.013 2.802)
68,(1499.793 -0.012 1434.442),(0.722 0.000 0.692),(19.449 0.000 18.643),(-85.575 -0.003 -83.681),3488.731,5.000,0.000,0.000,-0.002,(3.017 0.007 2.938)
68.2,(1503.667 -0.012 1438.155),(0.722 0.000 0.692),(19.306 0.000 18.505),(-82.309 -0.003 -80.558),3462.950,5.000,0.000,0.000,-0.002,(3.053 -0.002 2.967)
68.4,(1507.510 -0.012 1441.839),(0.722 -0.001 0.692),(19.135 0.000 18.341),(-79.080 -0.003 -77.471),3432.998,5.000,0.000,0.025,-0.002,(3.085 0.000 2.998)
68.6,(1511.313 -0.011 1445.484),(0.722 -0.001 0.692),(18.905 0.000 18.121),(-75.898 -0.002 -74.429),3338.468,5.000,0.000,0.080,-0.002,(3.117 0.000 3.029)
68.8,(1515.058 -0.011 1449.075),(0.722 -0.003 0.692),(18.561 0.001 17.797),(-72.779 -0.002 -71.447),3336.021,5.000,0.000,0.189,-0.006,(3.148 0.000 3.059)
69,(1518.717 -0.010 1452.584),(0.722 -0.004 0.692),(18.076 0.001 17.337),(-69.753 -0.001 -68.553),3250.218,5.000,0.000,0.189,-0.006,(3.178 0.000 3.088)
69.2,(1522.265 -0.009 1455.987),(0.722 -0.006 0.692),(17.421 0.001 16.713),(-66.844 0.000 -65.771),3139.696,5.000,0.000,0.406,-0.008,(3.207 0.000 3.117)
69.4,(1525.646 -0.007 1459.231),(0.722 -0.009 0.692),(16.456 0.002 15.794),(-64.108 0.002 -63.154),2973.284,5.000,0.000,0.562,-0.008,(3.237 0.000 3.145)
69.6,(1528.813 -0.006 1462.271),(0.722 -0.010 0.692),(15.326 0.002 14.713),(-61.591 0.003 -60.745),2771.901,5.000,0.000,0.593,-0.008,(3.265 0.000 3.173)
69.8,(1531.748 -0.005 1465.089),(0.721 -0.011 0.693),(14.118 0.001 13.563),(-59.313 0.004 -58.565),2550.949,5.000,0.000,0.663,-0.008,(3.293 0.000 3.200)
70,(1534.427 -0.004 1467.664),(0.721 -0.012 0.693),(12.790 0.002 12.302),(-57.296 0.005 -56.634),2298.075,5.000,0.000,0.700,-0.010,(3.321 0.000 3.227)
70.2,(1536.837 -0.004 1469.984),(0.720 -0.012 0.694),(11.450 0.001 11.033),(-55.552 0.005 -54.962),2050.002,5.000,0.000,0.687,-0.010,(3.348 0.000 3.253)
70.4,(1538.983 -0.004 1472.054),(0.720 -0.012 0.694),(10.145 0.001 9.793),(-54.079 0.005 -53.545),1783.776,5.000,0.000,0.674,-0.014,(3.374 0.000 3.279)
70.6,(1540.871 -0.004 1473.877),(0.719 -0.012 0.695),(8.857 0.001 8.566),(-52.869 0.005 -52.381),1549.523,5.000,0.000,0.674,-0.016,(3.400 0.000 3.304)
70.8,(1542.502 -0.004 1475.455),(0.719 -0.012 0.695),(7.586 0.001 7.349),(-51.920 0.005 -51.466),1286.578,5.000,0.000,0.663,-0.014,(3.426 0.000 3.329)
71,(1543.889 -0.004 1476.799),(0.719 -0.010 0.695),(6.436 0.001 6.239),(-51.221 0.005 -50.790),1100.732,5.000,0.000,0.512,-0.010,(3.451 0.000 3.353)
71.2,(1545.091 -0.007 1477.965),(0.719 -0.005 0.695),(5.725 0.000 5.546),(-50.712 0.003 -50.298),1099.999,5.000,0.000,0.297,-0.006,(3.475 0.000 3.377)
71.4,(1546.181 -0.008 1479.020),(0.719 -0.003 0.695),(5.316 0.000 5.146),(-50.320 0.002 -49.921),1098.976,5.000,0.000,0.000,-0.004,(3.499 0.000 3.401)
71.6,(1547.240 -0.009 1480.045),(0.719 0.000 0.695),(5.268 0.000 5.098),(-49.963 0.000 -49.579),1098.903,5.000,0.000,0.000,-0.002,(3.523 0.000 3.424)
71.8,(1548.288 -0.009 1481.059),(0.719 -0.001 0.695),(5.222 0.000 5.051),(-49.622 0.000 -49.252),1109.843,5.000,0.154,0.000,0.000,(3.546 0.000 3.446)
72,(1549.328 -0.009 1482.065),(0.719 0.000 0.695),(5.183 0.000 5.014),(-49.294 0.000 -48.938),1271.873,5.000,0.377,0.000,0.000,(3.569 0.000 3.468)
72.2,(1550.363 -0.009 1483.066),(0.719 0.000 0.695),(5.170 0.000 5.001),(-48.975 0.000 -48.633),1319.266,5.000,0.496,0.000,0.000,(3.601 0.000 3.499)
72.4,(1551.398 -0.009 1484.067),(0.719 0.000 0.695),(5.184 0.000 5.013),(-48.689 0.001 -48.360),1426.725,5.000,0.529,0.000,0.002,(3.844 0.000 3.735)
72.6,(1552.437 -0.009 1485.072),(0.719 0.000 0.695),(5.199 0.000 5.028),(-48.444 0.001 -48.126),1415.632,5.000,0.540,0.000,-0.002,(4.073 0.000 3.958)
72.8,(1553.479 -0.009 1486.081),(0.719 0.000 0.695),(5.224 0.000 5.059),(-48.240 0.001 -47.935),1455.774,5.000,0.584,0.000,-0.006,(4.244 0.000 4.236)
73,(1554.527 -0.009 1487.095),(0.719 0.000 0.695),(5.249 0.000 5.083),(-48.064 0.001 -47.793),1460.889,5.000,0.613,0.000,-0.006,(4.488 0.005 4.445)
73.2,(1555.582 -0.009 1488.117),(0.719 0.001 0.695),(5.294 0.000 5.127),(-47.933 0.001 -47.688),1502.931,5.000,0.693,0.000,-0.006,(4.726 -0.002 4.687)
73.4,(1556.645 -0.009 1489.146),(0.719 0.000 0.695),(5.337 0.000 5.168),(-47.841 0.001 -47.623),1517.564,5.000,0.716,0.000,-0.006,(4.971 0.000 4.929)
73.6,(1557.719 -0.010 1490.187),(0.719 0.001 0.695),(5.401 0.000 5.231),(-47.789 0.001 -47.595),1537.771,5.000,0.758,0.000,-0.008,(5.219 0.000 5.176)
73.8,(1558.804 -0.010 1491.238),(0.719 0.001 0.695),(5.456 0.000 5.289),(-47.775 0.001 -47.606),1560.802,5.000,0.804,0.000,-0.014,(5.471 0.000 5.425)
74,(1559.904 -0.010 1492.305),(0.718 0.001 0.696),(5.523 0.000 5.359),(-47.797 0.001 -47.652),1542.328,5.000,0.862,0.000,-0.016,(5.725 0.000 5.677)
74.2,(1561.018 -0.010 1493.386),(0.718 0.001 0.696),(5.612 0.000 5.448),(-47.856 0.001 -47.734),1598.525,5.000,0.874,0.000,-0.016,(5.980 0.000 5.930)
74.4,(1562.150 -0.010 1494.485),(0.718 0.001 0.696),(5.688 0.000 5.525),(-47.948 0.001 -47.850),1590.757,5.000,0.870,0.000,-0.016,(6.236 0.000 6.184)
74.6,(1563.298 -0.010 1495.600),(0.718 0.001 0.696),(5.781 0.000 5.618),(-48.076 0.001 -47.999),1610.678,5.000,0.870,0.000,-0.014,(6.491 0.000 6.437)
74.8,(1564.463 -0.010 1496.732),(0.718 0.001 0.696),(5.858 0.000 5.692),(-48.237 0.001 -48.183),1611.228,5.000,0.862,0.000,-0.014,(6.743 0.000 6.687)
75,(1565.644 -0.010 1497.880),(0.718 0.001 0.696),(5.946 0.000 5.779),(-48.431 0.001 -48.399),1604.617,5.000,0.809,0.000,-0.014,(6.992 0.000 6.934)
75.2,(1566.840 -0.010 1499.042),(0.718 0.001 0.696),(6.011 0.000 5.844),(-48.666 0.002 -48.656),1610.197,5.000,0.819,0.000,-0.014,(7.348 0.000 7.287)
75.4,(1568.052 -0.010 1500.220),(0.718 0.001 0.696),(6.097 0.000 5.928),(-49.002 0.004 -49.013),1620.564,5.000,0.821,0.000,-0.014,(8.072 -0.001 8.005)
75.6,(1569.277 -0.010 1501.412),(0.718 0.001 0.697),(6.163 0.000 5.994),(-49.474 0.003 -49.505),1625.510,5.000,0.822,0.000,-0.014,(8.773 -0.001 8.700)
75.8,(1570.519 -0.010 1502.620),(0.717 0.001 0.697),(6.236 0.000 6.066),(-49.988 0.000 -50.038),1596.408,5.000,0.860,0.000,-0.014,(8.947 0.000 8.873)
76,(1571.776 -0.010 1503.843),(0.717 0.001 0.697),(6.329 0.000 6.159),(-50.611 0.005 -50.680),1669.310,5.000,0.959,0.000,-0.014,(9.746 -0.001 9.665)
76.2,(1573.054 -0.010 1505.086),(0.717 0.001 0.697),(6.429 0.000 6.256),(-51.355 0.003 -51.442),1688.122,5.000,1.000,0.000,-0.014,(10.372 0.000 10.286)
76.4,(1574.354 -0.010 1506.351),(0.717 0.001 0.697),(6.554 0.000 6.378),(-52.189 0.003 -52.293),1708.879,5.000,1.000,0.000,-0.014,(10.909 -0.001 10.818)
76.6,(1575.677 -0.010 1507.638),(0.717 0.001 0.697),(6.658 0.000 6.480),(-53.105 0.003 -53.226),1714.591,5.000,1.000,0.000,-0.014,(11.428 -0.001 11.333)
76.8,(1577.022 -0.010 1508.948),(0.717 0.001 0.697),(6.785 0.000 6.604),(-54.103 0.003 -54.238),1727.602,5.000,1.000,0.000,-0.014,(11.956 -0.010 11.801)
77,(1578.390 -0.010 1510.280),(0.717 0.001 0.697),(6.888 0.000 6.706),(-55.188 0.003 -55.322),1735.600,5.000,1.000,0.000,-0.016,(12.500 0.001 12.308)
77.2,(1579.782 -0.010 1511.635),(0.717 0.001 0.697),(7.016 0.000 6.832),(-56.353 0.003 -56.485),1746.855,5.000,1.000,0.000,-0.016,(13.019 -0.001 12.819)
77.4,(1581.195 -0.010 1513.011),(0.717 0.001 0.697),(7.120 0.000 6.936),(-57.601 0.003 -57.729),1755.625,5.000,1.000,0.000,-0.016,(13.537 0.000 13.329)
77.6,(1582.633 -0.010 1514.411),(0.717 0.001 0.697),(7.230 0.000 7.043),(-58.927 0.003 -59.050),1722.746,5.000,1.000,0.000,-0.016,(14.055 -0.001 13.839)
77.8,(1584.092 -0.010 1515.833),(0.717 0.001 0.697),(7.354 0.000 7.166),(-60.336 0.003 -60.452),1775.837,5.000,1.000,0.000,-0.016,(14.571 -0.001 14.348)
78,(1585.576 -0.010 1517.279),(0.717 0.001 0.697),(7.461 0.000 7.271),(-61.823 0.004 -61.931),1776.116,5.000,1.000,0.000,-0.016,(15.087 -0.001 14.855)
78.2,(1587.083 -0.010 1518.747),(0.717 0.001 0.697),(7.590 0.000 7.399),(-63.391 0.004 -63.490),1796.535,5.000,1.000,0.000,-0.016,(15.602 -0.001 15.363)
78.4,(1588.613 -0.010 1520.239),(0.717 0.001 0.697),(7.697 0.000 7.504),(-65.019 0.002 -65.108),1804.180,5.000,1.000,0.000,-0.016,(15.823 0.000 15.580)
78.6,(1590.167 -0.010 1521.754),(0.717 0.001 0.697),(7.828 0.000 7.633),(-66.656 0.004 -66.736),1817.810,5.000,1.000,0.000,-0.016,(16.180 -0.001 15.931)
78.8,(1591.743 -0.010 1523.292),(0.716 0.001 0.698),(7.935 0.000 7.740),(-68.365 0.004 -68.432),1827.266,5.000,1.000,0.000,-0.016,(16.596 -0.001 16.341)
79,(1593.345 -0.010 1524.854),(0.716 0.001 0.698),(8.067 0.000 7.870),(-70.122 0.003 -70.178),1839.703,5.000,1.000,0.000,-0.016,(16.965 -0.001 16.704)
79.2,(1594.969 -0.010 1526.438),(0.716 0.001 0.698),(8.175 0.000 7.978),(-71.932 0.004 -71.975),1849.783,5.000,1.000,0.000,-0.016,(17.334 -0.001 17.068)
79.4,(1596.618 -0.010 1528.047),(0.716 0.001 0.698),(8.288 0.000 8.089),(-73.790 0.004 -73.819),1817.339,5.000,1.000,0.000,-0.016,(17.702 -0.001 17.430)
79.6,(1598.290 -0.010 1529.679),(0.716 0.001 0.698),(8.416 0.000 8.217),(-75.699 0.004 -75.713),1872.693,5.000,1.000,0.000,-0.016,(18.070 -0.001 17.792)
79.8,(1599.987 -0.010 1531.335),(0.716 0.001 0.698),(8.526 0.000 8.327),(-77.657 0.004 -77.655),1876.214,5.000,1.000,0.000,-0.017,(18.436 -0.001 18.153)
80,(1601.706 -0.010 1533.016),(0.716 0.001 0.698),(8.656 0.000 8.463),(-79.665 0.004 -79.645),1896.202,5.000,1.000,0.000,-0.019,(18.801 -0.001 18.513)
80.2,(1603.450 -0.010 1534.721),(0.715 0.001 0.699),(8.763 0.000 8.577),(-81.705 0.004 -81.683),1905.911,5.000,1.000,0.000,-0.019,(18.781 -0.021 19.021)
80.4,(1605.217 -0.010 1536.451),(0.715 0.002 0.699),(8.895 0.000 8.714),(-83.725 0.004 -83.807),1920.372,5.000,1.000,0.000,-0.019,(19.043 0.015 19.488)
80.6,(1607.007 -0.010 1538.205),(0.715 0.001 0.700),(9.002 0.000 8.829),(-85.784 0.004 -85.990),1931.368,5.000,1.000,0.000,-0.019,(19.408 -0.005 19.845)
80.8,(1608.823 -0.011 1539.986),(0.714 0.002 0.700),(9.135 0.000 8.967),(-87.890 0.004 -88.218),1945.235,5.000,1.000,0.000,-0.019,(19.763 0.000 20.209)
81,(1610.660 -0.010 1541.791),(0.714 0.001 0.700),(9.244 0.000 9.082),(-90.044 0.005 -90.495),1956.741,5.000,1.000,0.000,-0.017,(20.118 -0.001 20.571)
81.2,(1612.523 -0.010 1543.622),(0.714 0.001 0.700),(9.362 0.000 9.197),(-92.243 0.005 -92.818),1924.821,5.000,1.000,0.000,-0.012,(20.472 -0.001 20.933)
81.4,(1614.411 -0.011 1545.475),(0.714 0.001 0.700),(9.499 0.000 9.327),(-94.489 0.005 -95.191),1982.699,5.000,1.000,0.000,-0.008,(20.824 -0.001 21.294)
81.6,(1616.324 -0.010 1547.354),(0.714 0.001 0.700),(9.614 0.000 9.439),(-96.778 0.005 -97.586),1989.966,5.000,1.000,0.000,-0.008,(21.295 -0.028 21.244)
81.8,(1618.262 -0.011 1549.257),(0.714 0.002 0.700),(9.754 0.000 9.575),(-99.121 0.003 -99.905),2009.352,5.000,1.000,0.000,-0.008,(21.441 0.016 21.081)
82,(1620.226 -0.010 1551.185),(0.714 0.001 0.700),(9.866 0.000 9.692),(-101.486 0.005 -102.234),2021.122,5.000,1.000,0.000,-0.014,(21.795 -0.006 21.440)
82.2,(1622.214 -0.011 1553.139),(0.714 0.002 0.700),(10.004 0.000 9.833),(-103.884 0.004 -104.595),2036.735,5.000,1.000,0.000,-0.016,(22.041 0.001 21.682)
82.4,(1624.227 -0.011 1555.117),(0.714 0.001 0.701),(10.118 0.000 9.949),(-106.295 0.004 -106.978),2049.319,5.000,1.000,0.000,-0.016,(21.978 -0.011 21.970)
82.6,(1626.266 -0.011 1557.122),(0.713 0.002 0.701),(10.259 0.000 10.090),(-108.646 0.005 -109.425),2064.873,5.000,1.000,0.000,-0.016,(21.999 0.019 22.425)
82.8,(1628.329 -0.011 1559.151),(0.713 0.001 0.701),(10.374 0.000 10.208),(-111.011 0.005 -111.906),2077.917,5.000,1.000,0.000,-0.016,(22.244 -0.006 22.655)
83,(1630.419 -0.011 1561.208),(0.713 0.002 0.701),(10.496 0.000 10.327),(-113.395 0.005 -114.407),2046.568,5.000,1.000,0.000,-0.014,(22.477 0.001 22.893)
83.2,(1632.533 -0.011 1563.288),(0.713 0.002 0.701),(10.635 0.000 10.464),(-115.802 0.005 -116.931),2107.224,5.000,1.000,0.000,-0.012,(22.711 -0.001 23.131)
83.4,(1634.675 -0.011 1565.395),(0.713 0.001 0.701),(10.754 0.000 10.581),(-118.228 0.005 -119.477),2118.507,5.000,1.000,0.000,-0.012,(22.943 -0.001 23.367)
83.6,(1636.842 -0.011 1567.527),(0.713 0.002 0.701),(10.898 0.000 10.724),(-120.676 0.005 -122.044),2137.286,5.000,1.000,0.000,-0.012,(23.175 0.000 23.603)
83.8,(1639.035 -0.011 1569.685),(0.713 0.001 0.701),(11.016 0.000 10.844),(-123.143 0.005 -124.632),2150.951,5.000,1.000,0.000,-0.014,(23.406 -0.001 23.839)
84,(1641.254 -0.011 1571.870),(0.713 0.002 0.701),(11.162 0.000 10.987),(-125.630 0.005 -127.241),2168.129,5.000,1.000,0.000,-0.012,(23.636 -0.001 24.073)
84.2,(1643.499 -0.011 1574.080),(0.713 0.001 0.701),(11.284 0.000 11.105),(-128.138 0.005 -129.872),2182.344,5.000,1.000,0.000,-0.008,(23.866 -0.001 24.307)
84.4,(1645.772 -0.011 1576.317),(0.713 0.002 0.701),(11.433 0.000 11.248),(-130.663 0.005 -132.522),2199.781,5.000,1.000,0.000,-0.008,(24.095 -0.001 24.540)
84.6,(1648.070 -0.011 1578.578),(0.713 0.002 0.701),(11.552 0.000 11.370),(-133.209 0.005 -135.195),2214.456,5.000,1.000,0.000,-0.012,(24.323 -0.001 24.773)
84.8,(1650.396 -0.011 1580.868),(0.713 0.002 0.701),(11.675 0.000 11.499),(-135.773 0.005 -137.885),2183.651,5.000,1.000,0.000,-0.016,(24.550 -0.001 25.004)
85,(1652.746 -0.011 1583.183),(0.713 0.002 0.701),(11.816 0.000 11.644),(-138.357 0.006 -140.596),2247.326,5.000,1.000,0.000,-0.016,(24.777 -0.001 25.235)
85.2,(1655.124 -0.011 1585.527),(0.712 0.001 0.702),(11.936 0.000 11.770),(-140.911 0.006 -143.331),2262.300,5.000,1.000,0.000,-0.017,(24.414 -0.011 25.710)
85.4,(1657.527 -0.011 1587.898),(0.712 0.002 0.702),(12.081 0.000 11.922),(-143.407 0.005 -146.137),2280.977,5.000,1.000,0.000,-0.017,(24.592 0.008 25.982)
85.6,(1659.957 -0.011 1590.296),(0.712 0.001 0.702),(12.199 0.000 12.050),(-145.920 0.006 -148.960),2296.322,5.000,1.000,0.000,-0.017,(24.815 -0.005 26.214)
85.8,(1662.413 -0.011 1592.723),(0.712 0.002 0.703),(12.343 0.000 12.207),(-148.451 0.006 -151.801),2315.433,5.000,1.000,0.000,-0.023,(25.035 0.001 26.446)
86,(1664.893 -0.011 1595.179),(0.711 0.001 0.704),(12.449 0.000 12.350),(-151.002 0.006 -154.661),2331.311,5.000,1.000,0.000,-0.029,(25.254 -0.001 26.678)
86.2,(1667.398 -0.011 1597.668),(0.709 0.002 0.705),(12.575 0.000 12.527),(-153.573 0.006 -157.533),2350.712,5.000,1.000,0.000,-0.033,(25.473 0.000 26.909)
86.4,(1669.922 -0.011 1600.188),(0.707 0.002 0.707),(12.669 0.000 12.684),(-156.167 0.006 -160.420),2367.058,5.000,1.000,0.000,-0.037,(25.691 -0.001 27.139)
86.6,(1672.469 -0.011 1602.743),(0.706 0.002 0.709),(12.765 0.000 12.848),(-158.782 0.006 -163.317),2336.682,5.000,1.000,0.000,-0.037,(25.908 -0.001 27.368)
86.8,(1675.035 -0.012 1605.332),(0.704 0.002 0.711),(12.876 0.000 13.034),(-161.421 0.006 -166.227),2403.568,5.000,1.000,0.000,-0.037,(26.124 -0.001 27.596)
87,(1677.623 -0.011 1607.957),(0.702 0.001 0.713),(12.968 0.000 13.195),(-164.082 0.006 -169.147),2420.709,5.000,1.000,0.000,-0.035,(26.339 -0.001 27.824)
87.2,(1680.230 -0.012 1610.615),(0.700 0.002 0.714),(13.091 0.000 13.380),(-166.766 0.006 -172.078),2440.865,5.000,1.000,0.000,-0.029,(26.554 -0.001 28.051)
87.4,(1682.861 -0.011 1613.308),(0.699 0.001 0.715),(13.197 0.000 13.529),(-169.470 0.007 -175.020),2457.863,5.000,1.000,0.000,-0.019,(26.768 -0.001 28.277)
87.6,(1685.515 -0.011 1616.030),(0.698 0.002 0.716),(13.313 0.000 13.659),(-172.193 0.007 -177.979),2470.784,5.000,0.493,0.000,-0.016,(26.981 -0.001 28.502)
87.8,(1688.175 -0.011 1618.760),(0.698 0.000 0.716),(13.289 0.000 13.660),(-174.953 0.008 -180.973),2469.447,5.000,0.569,0.000,-0.014,(27.193 -0.001 28.726)
88,(1690.836 -0.011 1621.498),(0.697 0.001 0.717),(13.319 0.000 13.713),(-177.753 0.007 -184.005),2475.705,5.000,0.586,0.000,-0.014,(27.405 -0.001 28.950)
88.2,(1693.502 -0.011 1624.244),(0.697 0.001 0.718),(13.341 0.000 13.756),(-180.592 0.007 -187.073),2480.739,5.000,0.621,0.000,-0.014,(27.616 -0.001 29.172)
88.4,(1696.175 -0.011 1627.002),(0.696 0.001 0.718),(13.379 0.000 13.807),(-183.465 0.007 -190.174),2439.730,5.000,0.597,0.000,-0.008,(27.826 -0.001 29.394)
88.6,(1698.851 -0.011 1629.763),(0.696 0.000 0.718),(13.354 0.000 13.775),(-186.378 0.008 -193.316),2482.796,5.000,0.000,0.000,-0.004,(28.035 -0.001 29.615)
88.8,(1701.509 -0.010 1632.505),(0.696 -0.001 0.718),(13.242 0.000 13.655),(-189.350 0.009 -196.522),2461.010,5.000,0.000,0.000,0.000,(28.244 -0.001 29.835)
89,(1704.146 -0.010 1635.222),(0.696 -0.001 0.718),(13.144 0.000 13.539),(-192.384 0.009 -199.796),2441.547,5.000,0.204,0.000,0.006,(28.451 -0.001 30.055)
89.2,(1706.770 -0.011 1637.925),(0.696 0.000 0.718),(13.106 0.000 13.500),(-195.473 0.008 -203.127),2440.054,5.000,0.404,0.000,0.006,(28.658 -0.001 30.273)
89.4,(1709.393 -0.011 1640.627),(0.696 0.001 0.718),(13.129 0.000 13.524),(-198.604 0.008 -206.504),2447.500,5.000,0.597,0.000,0.006,(28.864 -0.001 30.491)
89.6,(1712.024 -0.011 1643.337),(0.696 0.001 0.718),(13.183 0.000 13.579),(-201.709 0.008 -209.920),2457.635,5.000,0.732,0.000,0.008,(28.308 -0.014 30.913)
89.8,(1714.670 -0.011 1646.062),(0.696 0.001 0.718),(13.269 0.000 13.661),(-204.703 0.007 -213.383),2468.954,5.000,0.734,0.000,0.010,(28.226 0.013 30.982)
90,(1717.330 -0.011 1648.800),(0.697 0.001 0.717),(13.339 0.000 13.728),(-207.707 0.008 -216.861),2478.692,5.000,0.770,0.000,0.012,(28.389 -0.006 31.153)
90.2,(1720.008 -0.011 1651.556),(0.697 0.001 0.717),(13.425 0.000 13.804),(-210.723 0.008 -220.354),2442.430,5.000,0.803,0.000,0.016,(28.542 0.001 31.322)
90.4,(1722.705 -0.011 1654.327),(0.697 0.001 0.717),(13.536 0.000 13.899),(-213.752 0.008 -223.866),2507.906,5.000,0.828,0.000,0.016,(28.695 -0.001 31.489)
90.6,(1725.423 -0.011 1657.117),(0.698 0.001 0.716),(13.631 0.000 13.981),(-216.789 0.008 -227.392),2522.799,5.000,0.832,0.000,0.016,(28.847 0.000 31.656)
90.8,(1728.162 -0.012 1659.925),(0.698 0.002 0.716),(13.750 0.000 14.086),(-219.836 0.008 -230.934),2544.377,5.000,0.832,0.000,0.016,(28.998 0.000 31.823)
91,(1730.923 -0.011 1662.752),(0.699 0.001 0.716),(13.847 0.000 14.168),(-222.891 0.008 -234.490),2560.441,5.000,0.832,0.000,0.016,(29.150 0.000 31.989)
91.2,(1733.705 -0.012 1665.597),(0.699 0.002 0.715),(13.965 0.000 14.274),(-225.956 0.008 -238.060),2581.193,5.000,0.832,0.000,0.016,(29.300 0.000 32.154)
91.4,(1736.508 -0.012 1668.461),(0.699 0.001 0.715),(14.064 0.000 14.356),(-229.029 0.008 -241.645),2597.658,5.000,0.834,0.000,0.016,(29.450 0.000 32.318)
91.6,(1739.334 -0.012 1671.344),(0.700 0.002 0.714),(14.184 0.000 14.463),(-232.065 0.008 -245.244),2618.440,5.000,0.807,0.000,0.016,(28.930 -0.023 32.665)
91.8,(1742.177 -0.011 1674.241),(0.700 0.001 0.714),(14.250 0.000 14.507),(-234.995 0.009 -248.928),2629.400,5.000,0.673,0.000,0.016,(28.901 0.019 32.989)
92,(1745.036 -0.012 1677.150),(0.701 0.001 0.713),(14.328 0.000 14.563),(-237.932 0.008 -252.634),2591.791,5.000,0.764,0.000,0.016,(29.055 -0.007 33.150)
92.2,(1747.913 -0.012 1680.072),(0.701 0.001 0.713),(14.433 0.000 14.649),(-240.883 0.008 -256.360),2658.471,5.000,0.796,0.000,0.014,(29.200 0.001 33.315)
92.4,(1750.810 -0.012 1683.011),(0.702 0.001 0.712),(14.521 0.000 14.727),(-243.842 0.009 -260.102),2672.373,5.000,0.804,0.000,0.014,(29.344 -0.001 33.480)
92.6,(1753.727 -0.012 1685.968),(0.702 0.002 0.712),(14.634 0.000 14.829),(-246.810 0.008 -263.859),2693.209,5.000,0.809,0.000,0.014,(29.488 0.000 33.644)
92.8,(1756.664 -0.012 1688.943),(0.702 0.001 0.712),(14.724 0.000 14.911),(-249.786 0.009 -267.631),2708.672,5.000,0.809,0.000,0.010,(29.631 0.000 33.807)
93,(1759.620 -0.012 1691.938),(0.702 0.002 0.712),(14.827 0.000 15.028),(-252.771 0.009 -271.416),2728.945,5.000,0.818,0.000,0.002,(29.774 0.000 33.970)
93.2,(1762.594 -0.012 1694.953),(0.702 0.001 0.712),(14.912 0.000 15.122),(-255.744 0.008 -275.210),2745.276,5.000,0.826,0.000,0.000,(29.345 -0.024 34.220)
93.4,(1765.589 -0.012 1697.990),(0.702 0.002 0.712),(15.029 -0.001 15.235),(-258.589 0.009 -279.072),2766.226,5.000,0.827,0.000,0.004,(29.151 0.027 34.655)
93.6,(1768.604 -0.012 1701.045),(0.702 0.001 0.712),(15.123 0.000 15.324),(-261.423 0.008 -282.963),2783.102,5.000,0.828,0.000,0.006,(29.310 -0.008 34.805)
93.8,(1771.640 -0.012 1704.123),(0.702 0.002 0.712),(15.217 0.000 15.423),(-264.263 0.009 -286.865),2749.347,5.000,0.827,0.000,0.004,(29.447 0.001 34.969)
94,(1774.695 -0.012 1707.219),(0.702 0.002 0.712),(15.324 0.000 15.538),(-267.113 0.009 -290.780),2821.063,5.000,0.827,0.000,0.000,(29.585 -0.001 35.132)
94.2,(1777.771 -0.012 1710.339),(0.702 0.001 0.712),(15.414 0.000 15.633),(-269.969 0.009 -294.705),2836.650,5.000,0.828,0.000,-0.002,(29.722 -0.001 35.294)
94.4,(1780.866 -0.012 1713.478),(0.702 0.002 0.712),(15.525 0.000 15.755),(-272.833 0.009 -298.642),2859.214,5.000,0.828,0.000,-0.006,(29.858 0.000 35.456)
94.6,(1783.981 -0.012 1716.640),(0.702 0.001 0.712),(15.617 0.000 15.849),(-275.705 0.009 -302.589),2876.003,5.000,0.833,0.000,-0.006,(29.993 0.000 35.617)
94.8,(1787.118 -0.012 1719.823),(0.702 0.002 0.712),(15.734 0.000 15.969),(-278.582 0.009 -306.547),2897.876,5.000,0.832,0.000,-0.008,(30.128 0.000 35.777)
95,(1790.273 -0.012 1723.027),(0.702 0.001 0.712),(15.822 0.000 16.070),(-281.466 0.009 -310.516),2915.126,5.000,0.832,0.000,-0.012,(30.263 0.000 35.936)
95.2,(1793.450 -0.012 1726.255),(0.702 0.002 0.713),(15.934 0.000 16.195),(-284.357 0.009 -314.493),2936.866,5.000,0.832,0.000,-0.016,(30.396 0.000 36.095)
95.4,(1796.645 -0.012 1729.504),(0.701 0.002 0.713),(16.018 0.000 16.303),(-287.193 0.009 -318.483),2954.404,5.000,0.835,0.000,-0.016,(29.742 -0.016 36.481)
95.6,(1799.861 -0.012 1732.778),(0.701 0.002 0.713),(16.108 0.000 16.414),(-289.911 0.009 -322.548),2919.475,5.000,0.836,0.000,-0.017,(29.710 0.017 36.771)
95.8,(1803.093 -0.012 1736.075),(0.700 0.002 0.714),(16.203 -0.001 16.551),(-292.637 0.009 -326.622),2994.113,5.000,0.836,0.000,-0.025,(29.847 -0.007 36.927)
96,(1806.342 -0.012 1739.400),(0.698 0.001 0.716),(16.259 0.000 16.688),(-295.371 0.009 -330.700),3010.477,5.000,0.840,0.000,-0.033,(29.975 0.002 37.087)
96.2,(1809.603 -0.013 1742.756),(0.696 0.002 0.718),(16.329 0.000 16.862),(-298.120 0.009 -334.779),3034.256,5.000,0.841,0.000,-0.033,(30.104 -0.001 37.246)
96.4,(1812.875 -0.012 1746.144),(0.694 0.001 0.720),(16.375 0.000 17.011),(-300.882 0.009 -338.858),3051.991,5.000,0.842,0.000,-0.033,(30.232 0.000 37.405)
96.6,(1816.159 -0.013 1749.564),(0.692 0.002 0.722),(16.445 0.000 17.187),(-303.659 0.009 -342.935),3074.914,5.000,0.844,0.000,-0.033,(30.359 0.000 37.562)
96.8,(1819.453 -0.013 1753.017),(0.690 0.001 0.724),(16.489 0.000 17.339),(-306.450 0.010 -347.013),3093.087,5.000,0.844,0.000,-0.033,(30.486 0.000 37.719)
97,(1822.760 -0.013 1756.503),(0.687 0.002 0.726),(16.559 0.000 17.517),(-309.255 0.009 -351.087),3115.942,5.000,0.844,0.000,-0.033,(30.613 0.000 37.876)
97.2,(1826.076 -0.013 1760.021),(0.685 0.002 0.728),(16.602 0.000 17.672),(-312.075 0.010 -355.162),3134.445,5.000,0.850,0.000,-0.031,(30.738 0.000 38.031)
97.4,(1829.406 -0.013 1763.573),(0.684 0.002 0.730),(16.672 0.001 17.817),(-314.906 0.010 -359.233),3098.718,5.000,0.871,0.000,-0.012,(30.864 0.000 38.186)
97.6,(1832.755 -0.013 1767.150),(0.684 0.002 0.730),(16.817 -0.001 17.945),(-317.743 0.010 -363.310),3178.740,5.000,0.915,0.000,0.008,(30.988 0.000 38.340)
97.8,(1836.135 -0.013 1770.754),(0.684 0.002 0.729),(16.949 0.001 18.064),(-320.576 0.010 -367.392),3199.993,5.000,0.942,0.000,0.010,(31.112 0.000 38.494)
98,(1839.541 -0.013 1774.384),(0.684 0.002 0.729),(17.100 0.000 18.226),(-323.406 0.010 -371.477),3230.121,5.000,0.950,0.000,0.008,(31.236 0.000 38.646)
98.2,(1842.976 -0.013 1778.045),(0.684 0.002 0.729),(17.232 0.000 18.366),(-326.232 0.010 -375.562),3254.361,5.000,0.994,0.000,0.006,(31.358 0.000 38.798)
98.4,(1846.441 -0.013 1781.738),(0.684 0.003 0.729),(17.399 0.000 18.550),(-329.005 0.009 -379.643),3286.637,5.000,1.000,0.000,0.004,(30.735 -0.025 39.105)
98.6,(1849.935 -0.013 1785.464),(0.684 0.002 0.730),(17.538 0.000 18.701),(-331.623 0.010 -383.796),3313.195,5.000,1.000,0.000,0.004,(30.564 0.026 39.494)
98.8,(1853.461 -0.013 1789.224),(0.684 0.003 0.730),(17.709 0.000 18.884),(-334.225 0.009 -387.950),3345.490,5.000,1.000,0.000,0.004,(30.697 -0.008 39.639)
99,(1857.016 -0.013 1793.016),(0.684 0.002 0.730),(17.850 0.000 19.034),(-336.819 0.009 -392.099),3372.356,5.000,1.000,0.000,0.004,(30.743 0.002 39.698)
99.2,(1860.605 -0.014 1796.843),(0.684 0.003 0.730),(18.022 0.000 19.218),(-339.373 0.009 -396.204),3404.661,5.000,1.000,0.000,0.002,(30.741 0.000 39.697)
99.4,(1864.228 -0.014 1800.708),(0.684 0.003 0.730),(18.190 0.000 19.405),(-341.907 0.009 -400.291),3437.276,5.000,1.000,0.000,0.002,(30.823 -0.001 39.802)
99.6,(1867.885 -0.014 1804.608),(0.684 0.003 0.730),(18.366 0.000 19.586),(-344.424 0.008 -404.349),3469.951,5.000,1.000,0.000,0.006,(30.996 -0.012 39.535)
99.8,(1871.578 -0.014 1808.546),(0.684 0.003 0.729),(18.543 0.000 19.768),(-347.011 0.010 -408.256),3502.707,5.000,1.000,0.000,0.006,(31.618 0.026 39.118)
100,(1875.306 -0.014 1812.520),(0.684 0.003 0.729),(18.717 0.000 19.953),(-349.612 0.009 -412.121),3535.534,5.000,1.000,0.000,0.006,(31.673 -0.007 39.246)
100.2,(1879.068 -0.014 1816.531),(0.684 0.003 0.730),(18.888 0.000 20.141),(-352.193 0.009 -415.970),3568.434,5.000,1.000,0.000,0.004,(31.756 0.000 39.348)
100.4,(1882.865 -0.014 1820.580),(0.684 0.003 0.730),(19.059 0.000 20.330),(-354.733 0.008 -419.800),3601.402,5.000,1.000,0.000,0.002,(31.265 -0.024 39.542)
100.6,(1886.696 -0.014 1824.666),(0.684 0.003 0.730),(19.234 0.000 20.516),(-357.104 0.010 -423.675),3634.435,5.000,1.000,0.000,0.002,(30.914 0.030 39.955)
100.8,(1890.562 -0.014 1828.790),(0.684 0.003 0.730),(19.409 0.000 20.703),(-359.434 0.009 -427.551),3667.529,5.000,1.000,0.000,0.000,(31.019 -0.008 40.043)
101,(1894.463 -0.014 1832.952),(0.684 0.003 0.730),(19.578 -0.001 20.896),(-361.746 0.009 -431.410),3700.674,5.000,1.000,0.000,-0.006,(31.099 0.001 40.146)
101.2,(1898.396 -0.014 1837.153),(0.684 0.003 0.730),(19.744 0.000 21.091),(-364.041 0.009 -435.250),3733.873,5.000,1.000,0.000,-0.010,(31.178 0.000 40.249)
101.4,(1902.365 -0.014 1841.391),(0.684 0.003 0.730),(19.919 0.000 21.280),(-366.317 0.009 -439.072),3767.116,5.000,1.000,0.000,-0.010,(31.258 0.000 40.352)
101.6,(1906.368 -0.014 1845.668),(0.684 0.003 0.730),(20.095 0.000 21.468),(-368.574 0.009 -442.877),3800.404,5.000,1.000,0.000,-0.012,(31.337 0.000 40.454)
101.8,(1910.406 -0.014 1849.983),(0.683 0.003 0.730),(20.266 0.000 21.661),(-370.812 0.009 -446.664),3833.728,5.000,1.000,0.000,-0.016,(31.415 0.000 40.555)
102,(1914.477 -0.015 1854.337),(0.683 0.003 0.730),(20.433 0.000 21.858),(-373.087 0.010 -450.322),3867.091,5.000,1.000,0.000,-0.017,(32.124 0.001 39.765)
102.2,(1918.580 -0.015 1858.728),(0.683 0.002 0.731),(20.565 0.000 22.032),(-375.416 0.008 -453.896),3896.952,5.000,0.715,0.000,-0.017,(32.189 0.002 39.878)
102.4,(1922.693 -0.014 1863.140),(0.681 0.001 0.732),(20.535 0.000 22.070),(-377.751 0.010 -457.471),3901.000,5.000,0.291,0.000,-0.017,(32.270 -0.003 39.978)
102.6,(1926.790 -0.014 1867.552),(0.680 0.000 0.733),(20.442 0.000 22.053),(-380.092 0.008 -461.037),3891.469,5.000,0.316,0.000,-0.017,(32.100 0.003 39.768)
102.8,(1930.874 -0.014 1871.965),(0.679 0.001 0.734),(20.417 0.000 22.101),(-382.375 0.003 -464.510),3891.806,5.000,0.641,0.000,-0.012,(31.332 0.002 38.816)
103,(1934.965 -0.014 1876.395),(0.679 0.002 0.735),(20.492 0.000 22.191),(-384.373 -0.003 -467.623),3905.651,5.000,0.783,0.000,-0.002,(29.683 0.007 36.772)
103.2,(1939.077 -0.014 1880.846),(0.679 0.002 0.734),(20.614 0.000 22.314),(-386.031 0.000 -470.353),3927.303,5.000,0.877,0.000,-0.008,(28.133 0.002 35.229)
103.4,(1943.213 -0.015 1885.327),(0.678 0.003 0.735),(20.742 0.000 22.478),(-387.360 -0.003 -472.722),3953.889,5.000,0.906,0.000,-0.014,(26.692 0.007 33.435)
103.6,(1947.377 -0.015 1889.841),(0.678 0.003 0.735),(20.879 -0.001 22.648),(-388.386 -0.003 -474.711),3981.840,5.000,0.919,0.000,-0.017,(25.334 -0.006 31.859)
103.8,(1951.568 -0.015 1894.389),(0.677 0.003 0.736),(21.009 0.000 22.827),(-389.100 -0.005 -476.353),4010.332,5.000,0.920,0.000,-0.017,(23.860 0.008 30.215)
104,(1955.784 -0.015 1898.975),(0.677 0.003 0.736),(21.138 0.000 23.008),(-389.502 -0.006 -477.620),4038.844,5.000,0.920,0.000,-0.019,(22.457 0.003 28.475)
104.2,(1960.025 -0.015 1903.597),(0.676 0.003 0.737),(21.254 -0.001 23.203),(-389.624 -0.006 -478.535),4067.501,5.000,0.930,0.000,-0.029,(21.249 0.003 26.997)
104.4,(1964.286 -0.015 1908.262),(0.673 0.003 0.739),(21.334 -0.001 23.437),(-389.477 -0.007 -479.100),4096.795,5.000,0.939,0.000,-0.039,(20.000 0.003 25.441)
104.6,(1968.560 -0.015 1912.977),(0.670 0.003 0.742),(21.386 0.000 23.700),(-389.078 -0.007 -479.317),4126.498,5.000,0.942,0.000,-0.041,(18.902 0.003 24.065)
104.8,(1972.844 -0.015 1917.745),(0.667 0.003 0.745),(21.432 0.000 23.971),(-388.431 -0.009 -479.180),4156.596,5.000,0.951,0.000,-0.041,(17.641 0.003 22.466)
105,(1977.137 -0.016 1922.568),(0.663 0.003 0.748),(21.479 0.000 24.246),(-387.530 -0.009 -478.677),4187.104,5.000,0.956,0.000,-0.041,(16.424 0.003 20.921)
105.2,(1981.440 -0.016 1927.446),(0.660 0.003 0.751),(21.527 0.000 24.521),(-386.393 -0.009 -477.833),4217.810,5.000,0.956,0.000,-0.039,(15.286 0.002 19.474)
105.4,(1985.753 -0.016 1932.378),(0.657 0.003 0.754),(21.581 0.000 24.790),(-385.006 -0.011 -476.628),4248.595,5.000,0.965,0.000,-0.031,(14.078 0.002 17.936)
105.6,(1990.080 -0.016 1937.362),(0.655 0.003 0.756),(21.678 0.001 25.030),(-383.370 -0.010 -475.070),4280.228,5.000,0.977,0.000,-0.023,(12.984 -0.006 16.447)
105.8,(1994.429 -0.016 1942.393),(0.654 0.003 0.757),(21.792 -0.001 25.259),(-381.481 -0.011 -473.155),4312.224,5.000,0.983,0.000,-0.025,(11.797 0.002 14.875)
106,(1998.801 -0.016 1947.470),(0.652 0.003 0.758),(21.905 0.000 25.495),(-379.336 -0.012 -470.879),4344.848,5.000,0.997,0.000,-0.025,(10.620 0.002 13.307)
106.2,(2003.195 -0.016 1952.595),(0.650 0.003 0.760),(22.021 0.000 25.735),(-376.953 -0.012 -468.268),4378.137,5.000,1.000,0.000,-0.023,(9.528 0.002 11.894)
106.4,(2007.614 -0.016 1957.766),(0.649 0.003 0.761),(22.149 0.000 25.964),(-374.307 -0.013 -465.308),4411.452,5.000,1.000,0.000,-0.019,(8.310 0.001 10.358)
106.6,(2012.060 -0.016 1962.983),(0.649 0.003 0.761),(22.297 0.000 26.175),(-371.402 -0.012 -462.008),4444.665,5.000,1.000,0.000,-0.012,(7.272 -0.005 8.989)
106.8,(2016.538 -0.016 1968.239),(0.649 0.003 0.761),(22.466 -0.001 26.368),(-368.236 -0.013 -458.381),4477.765,5.000,1.000,0.000,-0.010,(6.033 0.002 7.464)
107,(2021.050 -0.016 1973.534),(0.649 0.003 0.761),(22.636 -0.001 26.557),(-364.796 -0.013 -454.409),4510.766,5.000,1.000,0.000,-0.004,(4.836 0.000 5.942)
107.2,(2025.596 -0.016 1978.865),(0.649 0.003 0.761),(22.812 0.000 26.742),(-361.101 -0.013 -450.122),4543.665,5.000,1.000,0.000,-0.002,(3.765 0.001 4.605)
107.4,(2030.177 -0.016 1984.235),(0.649 0.003 0.761),(22.975 -0.001 26.935),(-357.154 -0.013 -445.526),4576.448,5.000,1.000,0.000,-0.004,(2.656 0.000 3.246)
107.6,(2034.789 -0.017 1989.644),(0.649 0.003 0.761),(23.127 -0.001 27.138),(-352.963 -0.011 -440.632),4609.120,5.000,1.000,0.000,-0.010,(1.848 0.000 2.259)
107.8,(2039.432 -0.017 1995.093),(0.649 0.003 0.761),(23.288 0.000 27.331),(-348.687 -0.007 -435.631),4641.692,5.000,1.000,0.000,-0.010,(1.800 0.000 2.200)
108,(2044.107 -0.017 2000.580),(0.649 0.003 0.761),(23.450 -0.001 27.522),(-344.365 -0.008 -430.577),4674.142,5.000,1.000,0.000,-0.010,(1.752 0.000 2.141)
108.2,(2048.814 -0.017 2006.106),(0.649 0.003 0.761),(23.605 -0.001 27.719),(-340.003 -0.008 -425.472),4706.482,5.000,1.000,0.000,-0.017,(1.703 0.000 2.081)
108.4,(2053.550 -0.017 2011.673),(0.648 0.003 0.762),(23.737 -0.001 27.934),(-335.603 -0.008 -420.316),4738.714,5.000,1.000,0.000,-0.019,(1.655 0.000 2.022)
108.6,(2058.312 -0.017 2017.283),(0.647 0.003 0.763),(23.858 0.000 28.156),(-331.166 -0.008 -415.103),4770.839,5.000,1.000,0.000,-0.021,(1.606 0.000 1.963)
108.8,(2063.096 -0.017 2022.940),(0.645 0.003 0.764),(23.963 -0.001 28.391),(-326.698 -0.008 -409.833),4802.838,5.000,1.000,0.000,-0.027,(1.558 0.000 1.903)
109,(2067.898 -0.017 2028.645),(0.643 0.003 0.766),(24.041 -0.001 28.647),(-322.202 -0.009 -404.501),4834.729,5.000,1.000,0.000,-0.027,(1.509 0.000 1.844)
109.2,(2072.717 -0.017 2034.401),(0.641 0.003 0.768),(24.121 0.000 28.900),(-317.680 -0.009 -399.107),4866.513,5.000,1.000,0.000,-0.027,(1.461 0.000 1.785)
109.4,(2077.551 -0.018 2040.208),(0.639 0.003 0.769),(24.206 0.000 29.148),(-313.192 -0.007 -393.723),4898.181,5.000,1.000,0.000,-0.023,(1.817 0.000 2.220)
109.6,(2082.404 -0.018 2046.063),(0.638 0.003 0.770),(24.306 -0.001 29.382),(-308.709 -0.009 -388.320),4929.736,5.000,1.000,0.000,-0.025,(1.877 0.000 2.294)
109.8,(2087.275 -0.018 2051.966),(0.636 0.003 0.772),(24.385 -0.001 29.632),(-304.218 -0.008 -382.882),4961.171,5.000,1.000,0.000,-0.029,(1.922 0.000 2.349)
110,(2092.160 -0.018 2057.920),(0.633 0.003 0.774),(24.446 0.000 29.895),(-299.722 -0.009 -377.403),4992.504,5.000,1.000,0.000,-0.029,(1.964 0.000 2.400)
110.2,(2097.058 -0.018 2063.927),(0.631 0.003 0.776),(24.507 0.000 30.156),(-295.222 -0.009 -371.882),5023.718,5.000,1.000,0.000,-0.025,(2.005 0.000 2.450)
110.4,(2101.969 -0.018 2069.983),(0.629 0.003 0.777),(24.598 0.000 30.392),(-290.717 -0.009 -366.321),5054.831,5.000,1.000,0.000,-0.016,(2.045 0.000 2.499)
110.6,(2106.903 -0.018 2076.083),(0.629 0.003 0.777),(24.734 0.000 30.590),(-286.196 -0.009 -360.726),5085.827,5.000,1.000,0.000,-0.010,(2.084 0.000 2.547)
110.8,(2111.866 -0.018 2082.222),(0.629 0.003 0.777),(24.881 -0.001 30.778),(-281.656 -0.008 -355.099),5116.702,5.000,1.000,0.000,-0.014,(2.178 -0.012 2.531)
111,(2116.857 -0.018 2088.399),(0.628 0.003 0.778),(25.007 0.000 30.981),(-277.098 -0.009 -349.438),5147.474,5.000,1.000,0.000,-0.016,(2.169 0.006 2.617)
111.2,(2121.874 -0.018 2094.618),(0.628 0.003 0.778),(25.130 0.000 31.186),(-272.522 -0.009 -343.747),5178.128,5.000,1.000,0.000,-0.016,(2.264 -0.002 2.606)
111.4,(2126.914 -0.018 2100.877),(0.627 0.003 0.779),(25.252 0.000 31.391),(-267.927 -0.009 -338.022),5208.664,5.000,1.000,0.000,-0.016,(2.246 0.002 2.697)
111.6,(2131.979 -0.018 2107.178),(0.626 0.003 0.780),(25.373 0.000 31.596),(-263.316 -0.009 -332.266),5239.088,5.000,1.000,0.000,-0.016,(2.285 -0.001 2.741)
111.8,(2137.067 -0.019 2113.519),(0.626 0.003 0.780),(25.492 0.000 31.800),(-258.689 -0.009 -326.478),5269.392,5.000,1.000,0.000,-0.016,(2.321 0.000 2.784)
112,(2142.178 -0.019 2119.901),(0.625 0.004 0.781),(25.613 0.000 32.002),(-254.046 -0.009 -320.657),5299.588,5.000,1.000,0.000,-0.014,(2.357 0.000 2.827)
112.2,(2147.316 -0.019 2126.322),(0.625 0.004 0.781),(25.753 0.000 32.188),(-249.384 -0.009 -314.806),5329.672,5.000,1.000,0.000,-0.008,(2.392 0.000 2.870)
112.4,(2152.482 -0.019 2132.778),(0.625 0.003 0.781),(25.896 -0.001 32.350),(-244.700 -0.010 -308.929),5357.893,5.000,0.959,0.000,-0.004,(2.427 0.000 2.911)
112.6,(2157.677 -0.019 2139.265),(0.625 0.003 0.780),(26.036 0.000 32.511),(-239.994 -0.010 -303.029),5385.463,5.000,0.978,0.000,-0.004,(2.461 0.000 2.952)
112.8,(2162.900 -0.019 2145.787),(0.625 0.004 0.780),(26.176 -0.001 32.686),(-235.267 -0.010 -297.102),5414.284,5.000,0.997,0.000,-0.004,(2.494 0.000 2.992)
113,(2168.151 -0.019 2152.344),(0.625 0.004 0.781),(26.316 -0.001 32.866),(-230.518 -0.010 -291.148),5443.778,5.000,0.999,0.000,-0.008,(2.527 0.000 3.032)
113.2,(2173.427 -0.019 2158.938),(0.625 0.004 0.781),(26.429 -0.001 33.068),(-225.742 -0.010 -285.168),5473.269,5.000,1.000,0.000,-0.019,(2.504 0.000 3.096)
113.4,(2178.724 -0.019 2165.575),(0.623 0.004 0.782),(26.518 0.000 33.287),(-220.954 -0.010 -279.151),5502.665,5.000,1.000,0.000,-0.019,(2.558 0.003 3.117)
113.6,(2184.037 -0.020 2172.257),(0.622 0.004 0.783),(26.603 0.000 33.508),(-216.156 -0.010 -273.097),5531.943,5.000,1.000,0.000,-0.019,(2.588 -0.001 3.155)
113.8,(2189.368 -0.020 2178.982),(0.621 0.004 0.784),(26.690 0.000 33.727),(-211.346 -0.010 -267.007),5561.105,5.000,1.000,0.000,-0.016,(2.619 0.001 3.192)
114,(2194.718 -0.020 2185.750),(0.620 0.004 0.785),(26.794 0.000 33.931),(-206.523 -0.010 -260.881),5590.149,5.000,1.000,0.000,-0.016,(2.648 0.000 3.228)
114.2,(2200.088 -0.020 2192.558),(0.619 0.004 0.785),(26.901 0.000 34.131),(-201.674 -0.010 -254.729),5619.076,5.000,1.000,0.000,-0.014,(2.642 0.003 3.272)
114.4,(2205.481 -0.020 2199.405),(0.619 0.004 0.786),(27.017 0.000 34.323),(-196.812 -0.011 -248.540),5647.886,5.000,1.000,0.000,-0.016,(2.669 -0.001 3.310)
114.6,(2210.897 -0.020 2206.292),(0.618 0.004 0.786),(27.120 -0.001 34.525),(-191.934 -0.011 -242.320),5676.575,5.000,1.000,0.000,-0.016,(2.697 0.000 3.344)
114.8,(2216.332 -0.020 2213.219),(0.617 0.004 0.787),(27.218 0.000 34.724),(-187.041 -0.011 -236.065),5705.117,5.000,0.868,0.000,-0.016,(2.725 0.000 3.379)
115,(2221.769 -0.019 2220.166),(0.616 0.001 0.788),(27.102 -0.001 34.703),(-182.152 -0.010 -229.797),5700.508,5.000,0.000,0.000,-0.016,(2.752 0.000 3.412)
115.2,(2227.160 -0.018 2227.087),(0.614 0.000 0.790),(26.835 0.001 34.528),(-177.314 -0.009 -223.563),5662.500,5.000,0.000,0.000,-0.016,(2.778 0.000 3.445)
115.4,(2232.500 -0.018 2233.973),(0.612 0.000 0.791),(26.573 0.001 34.354),(-172.533 -0.009 -217.369),5623.605,5.000,0.000,0.000,-0.014,(2.804 0.000 3.477)
115.6,(2237.788 -0.018 2240.823),(0.610 0.000 0.792),(26.329 0.001 34.167),(-167.808 -0.009 -211.218),5585.194,5.000,0.000,0.000,-0.008,(2.830 0.000 3.509)
115.8,(2243.032 -0.018 2247.632),(0.610 0.000 0.792),(26.133 0.001 33.946),(-163.133 -0.009 -205.114),5547.048,5.000,0.000,0.000,-0.002,(2.855 0.000 3.540)
116,(2248.240 -0.018 2254.395),(0.610 0.000 0.792),(25.965 0.000 33.706),(-158.499 -0.008 -199.062),5509.137,5.000,0.000,0.000,0.000,(2.879 0.000 3.571)
116.2,(2253.413 -0.018 2261.110),(0.610 0.000 0.792),(25.788 0.001 33.476),(-153.904 -0.008 -193.064),5471.517,5.000,0.000,0.000,0.000,(2.904 0.000 3.600)
116.4,(2258.552 -0.017 2267.780),(0.610 0.000 0.792),(25.607 0.000 33.230),(-149.348 -0.008 -187.117),5433.394,5.000,0.000,0.040,0.006,(2.927 0.000 3.630)
116.6,(2263.648 -0.017 2274.388),(0.611 -0.001 0.791),(25.376 0.000 32.857),(-144.840 -0.008 -181.239),5378.687,5.000,0.000,0.107,0.016,(2.950 0.000 3.659)
116.8,(2268.692 -0.016 2280.903),(0.613 -0.002 0.790),(25.100 0.001 32.342),(-140.389 -0.007 -175.458),5305.486,5.000,0.000,0.120,0.017,(2.973 0.000 3.687)
117,(2273.680 -0.016 2287.313),(0.615 -0.002 0.788),(24.809 0.001 31.794),(-135.998 -0.007 -169.788),5227.242,5.000,0.000,0.160,0.017,(2.996 0.000 3.715)
117.2,(2278.606 -0.015 2293.610),(0.617 -0.002 0.787),(24.496 0.001 31.226),(-131.673 -0.006 -164.238),5144.107,5.000,0.000,0.149,0.017,(3.018 0.000 3.742)
117.4,(2283.471 -0.015 2299.795),(0.619 -0.002 0.785),(24.192 0.001 30.675),(-127.414 -0.006 -158.804),5063.609,5.000,0.000,0.134,0.017,(3.039 0.000 3.769)
117.6,(2288.278 -0.015 2305.875),(0.621 -0.001 0.784),(23.949 0.001 30.216),(-123.219 -0.006 -153.479),4992.925,5.000,0.000,0.000,0.016,(3.116 0.000 3.739)
117.8,(2293.056 -0.016 2311.892),(0.622 0.000 0.783),(23.835 0.001 29.969),(-119.064 -0.007 -148.212),4958.116,5.000,0.000,0.000,0.010,(3.104 0.006 3.778)
118,(2297.807 -0.016 2317.861),(0.623 0.000 0.782),(23.695 0.001 29.745),(-114.937 -0.007 -143.001),4924.106,5.000,0.000,0.000,0.008,(3.129 -0.002 3.801)
118.2,(2302.531 -0.016 2323.788),(0.623 0.000 0.782),(23.575 0.001 29.577),(-110.841 -0.007 -137.836),4894.919,5.000,0.386,0.000,0.004,(3.149 0.000 3.826)
118.4,(2307.242 -0.017 2329.700),(0.623 0.002 0.782),(23.535 0.000 29.545),(-106.762 -0.007 -132.692),4887.701,5.000,0.427,0.000,0.000,(3.169 0.000 3.850)
118.6,(2311.945 -0.016 2335.606),(0.623 0.001 0.782),(23.505 0.000 29.517),(-102.698 -0.007 -127.565),4882.218,5.000,0.447,0.000,-0.004,(3.266 0.000 3.968)
118.8,(2316.643 -0.016 2341.508),(0.623 0.002 0.782),(23.474 0.000 29.508),(-98.676 -0.006 -122.483),4878.647,5.000,0.478,0.000,-0.008,(3.467 0.000 4.212)
119,(2321.335 -0.016 2347.408),(0.622 0.002 0.783),(23.450 0.001 29.504),(-94.700 -0.006 -117.452),4876.202,5.000,0.486,0.000,-0.006,(3.671 0.000 4.460)
119.2,(2326.023 -0.017 2353.310),(0.622 0.002 0.783),(23.439 -0.001 29.527),(-90.768 -0.006 -112.470),4876.951,5.000,0.595,0.000,-0.014,(3.879 0.000 4.712)
119.4,(2330.710 -0.017 2359.223),(0.621 0.002 0.784),(23.423 0.000 29.600),(-86.880 -0.007 -107.528),4882.713,5.000,0.622,0.000,-0.016,(4.091 0.000 4.970)
119.6,(2335.394 -0.017 2365.152),(0.620 0.002 0.785),(23.414 0.001 29.680),(-83.039 -0.006 -102.622),4889.989,5.000,0.635,0.000,-0.010,(4.308 0.000 5.233)
119.8,(2340.080 -0.017 2371.094),(0.619 0.002 0.785),(23.447 0.000 29.731),(-79.239 -0.006 -97.756),4897.856,5.000,0.612,0.000,-0.002,(4.528 0.000 5.501)
120,(2344.769 -0.016 2377.037),(0.620 0.001 0.785),(23.415 0.000 29.658),(-75.480 -0.006 -92.943),4892.403,5.000,0.000,0.000,0.008,(4.752 0.000 5.773)
120.2,(2349.436 -0.016 2382.943),(0.620 0.000 0.784),(23.280 0.001 29.434),(-71.788 -0.005 -88.221),4859.224,5.000,0.000,0.000,0.010,(4.978 0.000 6.047)
120.4,(2354.076 -0.016 2388.807),(0.621 0.000 0.784),(23.135 0.001 29.220),(-68.168 -0.005 -83.597),4825.834,5.000,0.000,0.000,0.004,(5.205 0.000 6.324)
120.6,(2358.684 -0.015 2394.627),(0.621 0.000 0.784),(22.942 0.000 28.988),(-64.627 -0.005 -79.073),4788.992,5.000,0.000,0.094,0.002,(5.434 0.000 6.602)
120.8,(2363.230 -0.014 2400.371),(0.621 -0.003 0.784),(22.549 0.001 28.483),(-61.192 -0.003 -74.679),4710.977,5.000,0.000,0.242,0.004,(5.663 0.000 6.880)
121,(2367.668 -0.011 2405.975),(0.621 -0.007 0.784),(21.842 0.002 27.578),(-57.913 -0.001 -70.482),4572.165,5.000,0.000,0.519,0.006,(5.891 0.000 7.157)
121.2,(2371.931 -0.010 2411.357),(0.621 -0.010 0.784),(20.872 0.003 26.343),(-54.853 0.001 -66.562),4372.386,5.000,0.000,0.619,0.006,(6.116 0.000 7.429)
121.4,(2375.988 -0.009 2416.475),(0.621 -0.010 0.783),(19.813 0.002 24.973),(-52.043 0.002 -62.959),4148.174,5.000,0.000,0.619,0.012,(6.336 0.000 7.698)
121.6,(2379.837 -0.008 2421.320),(0.623 -0.010 0.782),(18.787 0.002 23.606),(-49.507 0.004 -59.708),3926.924,5.000,0.000,0.619,0.017,(6.808 0.000 8.271)
121.8,(2383.481 -0.008 2425.891),(0.624 -0.010 0.781),(17.766 0.002 22.235),(-47.299 0.006 -56.883),3705.276,5.000,0.000,0.612,0.019,(7.493 -0.001 9.103)
122,(2386.921 -0.007 2430.188),(0.626 -0.010 0.780),(16.749 0.002 20.870),(-45.411 0.003 -54.471),3484.987,5.000,0.000,0.630,0.023,(7.822 0.000 9.502)
122.2,(2390.156 -0.007 2434.209),(0.628 -0.011 0.778),(15.709 0.002 19.469),(-43.776 0.006 -52.393),3255.715,5.000,0.000,0.650,0.029,(8.290 -0.001 10.071)
122.4,(2393.181 -0.006 2437.948),(0.630 -0.011 0.776),(14.656 0.002 18.052),(-42.486 0.008 -50.762),3027.235,5.000,0.000,0.656,0.029,(8.975 -0.001 10.903)
122.6,(2395.995 -0.006 2441.405),(0.632 -0.011 0.775),(13.598 0.002 16.649),(-41.522 0.007 -49.552),2799.859,5.000,0.000,0.650,0.027,(9.470 0.000 11.504)
122.8,(2398.596 -0.005 2444.583),(0.634 -0.011 0.773),(12.533 0.002 15.261),(-40.869 0.007 -48.737),2573.105,5.000,0.000,0.650,0.027,(10.014 -0.001 12.002)
123,(2400.984 -0.005 2447.485),(0.636 -0.011 0.772),(11.466 0.002 13.899),(-40.525 0.008 -48.304),2338.565,5.000,0.000,0.630,0.021,(10.442 0.002 12.595)
123.2,(2403.167 -0.005 2450.128),(0.637 -0.010 0.771),(10.489 0.001 12.683),(-40.486 0.007 -48.237),2108.956,5.000,0.000,0.519,0.016,(11.039 -0.011 13.001)
123.4,(2405.188 -0.007 2452.569),(0.637 -0.005 0.771),(9.842 0.001 11.884),(-40.718 0.006 -48.466),1963.719,5.000,0.000,0.269,0.010,(11.494 0.005 13.589)
123.6,(2407.101 -0.008 2454.879),(0.637 -0.004 0.770),(9.358 0.000 11.303),(-41.155 0.005 -48.934),1840.769,5.000,0.000,0.229,0.006,(11.966 -0.003 14.145)
123.8,(2408.925 -0.008 2457.082),(0.637 -0.004 0.770),(8.925 0.000 10.780),(-41.776 0.006 -49.622),1745.510,5.000,0.000,0.215,0.006,(12.435 0.000 14.699)
124,(2410.662 -0.008 2459.181),(0.637 -0.004 0.770),(8.488 0.000 10.253),(-42.577 0.006 -50.524),1636.384,5.000,0.000,0.229,0.008,(12.904 -0.001 15.254)
124.2,(2412.309 -0.007 2461.169),(0.637 -0.005 0.770),(8.019 0.001 9.683),(-43.562 0.006 -51.646),1530.209,5.000,0.000,0.242,0.008,(13.372 -0.001 15.807)
124.4,(2413.868 -0.008 2463.052),(0.638 -0.003 0.770),(7.683 0.000 9.273),(-44.729 0.006 -52.987),1415.681,5.000,0.000,0.000,0.012,(13.839 -0.001 16.359)
124.6,(2415.396 -0.010 2464.896),(0.638 0.000 0.770),(7.601 0.000 9.168),(-46.020 0.004 -54.475),1377.397,5.000,0.000,0.000,0.014,(14.306 -0.001 16.911)
124.8,(2416.908 -0.009 2466.718),(0.638 -0.001 0.770),(7.529 0.000 9.065),(-47.372 0.002 -56.038),1465.825,5.000,0.211,0.000,0.017,(14.345 0.000 16.957)
125,(2418.411 -0.010 2468.526),(0.639 0.000 0.769),(7.511 0.000 9.026),(-48.794 0.005 -57.688),1707.531,5.000,0.541,0.000,0.017,(14.815 -0.001 17.513)
125.2,(2419.916 -0.010 2470.334),(0.640 0.001 0.769),(7.547 0.000 9.055),(-50.289 0.003 -59.425),1782.305,5.000,0.677,0.000,0.016,(15.154 0.000 17.913)
125.4,(2421.431 -0.010 2472.151),(0.640 0.001 0.768),(7.595 0.000 9.101),(-51.842 0.004 -61.235),1803.803,5.000,0.712,0.000,0.017,(15.488 -0.001 18.309)
125.6,(2422.957 -0.010 2473.979),(0.641 0.001 0.768),(7.665 0.000 9.170),(-53.450 0.004 -63.112),1821.807,5.000,0.725,0.000,0.017,(15.822 -0.001 18.704)
125.8,(2424.496 -0.010 2475.819),(0.641 0.001 0.767),(7.721 0.000 9.223),(-55.112 0.004 -65.056),1827.046,5.000,0.731,0.000,0.017,(16.156 -0.001 19.098)
126,(2426.048 -0.010 2477.672),(0.642 0.001 0.767),(7.795 0.000 9.298),(-56.828 0.004 -67.066),1843.822,5.000,0.774,0.000,0.016,(16.489 -0.001 19.491)
126.2,(2427.614 -0.010 2479.538),(0.642 0.001 0.767),(7.862 0.000 9.370),(-58.596 0.004 -69.141),1867.349,5.000,0.832,0.000,0.014,(16.820 -0.001 19.883)
126.4,(2429.195 -0.010 2481.424),(0.642 0.001 0.767),(7.950 0.000 9.478),(-60.416 0.004 -71.265),1887.202,5.000,0.881,0.000,0.010,(17.230 -0.011 20.006)
126.6,(2430.792 -0.010 2483.328),(0.642 0.001 0.767),(8.030 0.000 9.574),(-62.330 0.005 -73.383),1905.023,5.000,0.919,0.000,0.010,(17.771 0.015 20.226)
126.8,(2432.409 -0.010 2485.256),(0.642 0.001 0.766),(8.122 0.000 9.681),(-64.303 0.004 -75.544),1909.146,5.000,0.959,0.000,0.012,(18.099 -0.005 20.620)
127,(2434.046 -0.010 2487.207),(0.642 0.001 0.766),(8.234 0.000 9.816),(-66.322 0.004 -77.760),1938.603,5.000,0.962,0.000,0.008,(18.435 0.000 21.002)
127.2,(2435.704 -0.010 2489.184),(0.642 0.001 0.767),(8.327 0.000 9.933),(-68.389 0.005 -80.025),1949.742,5.000,0.974,0.000,0.006,(18.770 -0.001 21.384)
127.4,(2437.382 -0.011 2491.186),(0.642 0.002 0.767),(8.445 0.000 10.074),(-70.501 0.005 -82.342),1966.776,5.000,0.986,0.000,0.006,(19.104 -0.001 21.765)
127.6,(2439.082 -0.010 2493.214),(0.642 0.001 0.767),(8.547 0.000 10.195),(-72.659 0.005 -84.709),1981.796,5.000,1.000,0.000,0.006,(19.437 -0.001 22.144)
127.8,(2440.805 -0.011 2495.269),(0.642 0.002 0.767),(8.669 0.000 10.347),(-74.860 0.005 -87.124),1996.556,5.000,1.000,0.000,0.000,(19.770 -0.001 22.523)
128,(2442.548 -0.010 2497.352),(0.642 0.001 0.767),(8.770 0.000 10.473),(-77.107 0.005 -89.588),2008.687,5.000,1.000,0.000,-0.002,(20.101 -0.001 22.901)
128.2,(2444.316 -0.011 2499.463),(0.642 0.002 0.767),(8.898 0.000 10.622),(-79.372 0.003 -92.070),2023.583,5.000,1.000,0.000,0.004,(20.144 0.000 22.949)
128.4,(2446.105 -0.011 2501.598),(0.642 0.001 0.767),(9.007 0.000 10.742),(-81.640 0.005 -94.559),2036.125,5.000,1.000,0.000,0.010,(20.434 -0.001 23.280)
128.6,(2447.920 -0.011 2503.762),(0.642 0.001 0.766),(9.115 0.000 10.867),(-83.940 0.005 -97.082),2036.788,5.000,1.000,0.000,0.010,(20.674 0.000 23.554)
128.8,(2449.757 -0.011 2505.952),(0.642 0.002 0.766),(9.242 0.000 11.018),(-86.262 0.005 -99.631),2064.275,5.000,1.000,0.000,0.010,(20.895 0.000 23.805)
129,(2451.618 -0.011 2508.170),(0.642 0.001 0.766),(9.348 0.000 11.144),(-88.604 0.004 -102.196),2076.323,5.000,1.000,0.000,0.010,(21.123 -0.001 23.875)
129.2,(2453.501 -0.011 2510.416),(0.642 0.002 0.766),(9.475 0.000 11.298),(-91.011 0.005 -104.699),2093.173,5.000,1.000,0.000,0.008,(21.650 0.019 23.768)
129.4,(2455.408 -0.011 2512.689),(0.642 0.001 0.766),(9.582 0.000 11.425),(-93.458 0.005 -107.208),2106.395,5.000,1.000,0.000,0.008,(21.860 -0.005 24.029)
129.6,(2457.338 -0.011 2514.992),(0.642 0.002 0.766),(9.712 0.000 11.580),(-95.923 0.005 -109.737),2122.849,5.000,1.000,0.000,0.008,(22.084 0.000 24.273)
129.8,(2459.291 -0.011 2517.321),(0.642 0.001 0.766),(9.819 0.000 11.709),(-98.412 0.005 -112.290),2136.572,5.000,1.000,0.000,0.008,(22.306 0.000 24.518)
130,(2461.270 -0.011 2519.680),(0.642 0.002 0.766),(9.950 0.000 11.865),(-100.919 0.005 -114.861),2153.324,5.000,1.000,0.000,0.008,(22.528 -0.001 24.762)
130.2,(2463.270 -0.011 2522.064),(0.642 0.002 0.766),(10.057 0.000 11.995),(-103.449 0.005 -117.455),2167.469,5.000,1.000,0.000,0.006,(22.749 0.000 25.005)
130.4,(2465.295 -0.011 2524.480),(0.642 0.001 0.766),(10.167 0.000 12.126),(-105.998 0.005 -120.066),2174.326,5.000,1.000,0.000,0.008,(22.969 -0.001 25.247)
130.6,(2467.343 -0.011 2526.922),(0.642 0.002 0.766),(10.303 0.000 12.280),(-108.568 0.005 -122.700),2199.126,5.000,1.000,0.000,0.012,(23.189 -0.001 25.488)
130.8,(2469.416 -0.011 2529.393),(0.642 0.001 0.766),(10.414 0.000 12.410),(-111.156 0.006 -125.353),2213.481,5.000,1.000,0.000,0.012,(23.408 -0.001 25.729)
131,(2471.514 -0.011 2531.893),(0.642 0.002 0.766),(10.548 0.000 12.569),(-113.764 0.005 -128.026),2231.572,5.000,1.000,0.000,0.012,(23.626 -0.001 25.969)
131.2,(2473.635 -0.011 2534.420),(0.643 0.001 0.766),(10.660 0.000 12.700),(-116.392 0.006 -130.718),2246.451,5.000,1.000,0.000,0.012,(23.844 -0.001 26.208)
131.4,(2475.782 -0.011 2536.978),(0.643 0.002 0.766),(10.796 0.000 12.860),(-119.037 0.006 -133.429),2264.823,5.000,1.000,0.000,0.014,(24.061 -0.001 26.446)
131.6,(2477.953 -0.011 2539.563),(0.643 0.001 0.766),(10.914 0.000 12.987),(-121.701 0.005 -136.153),2280.205,5.000,1.000,0.000,0.017,(24.268 -0.001 26.482)
131.8,(2480.152 -0.011 2542.177),(0.643 0.002 0.766),(11.058 0.000 13.143),(-124.425 0.006 -138.795),2298.903,5.000,1.000,0.000,0.019,(24.831 0.019 26.275)
132,(2482.374 -0.011 2544.818),(0.644 0.002 0.765),(11.180 0.000 13.269),(-127.191 0.006 -141.439),2314.717,5.000,1.000,0.000,0.019,(25.033 -0.005 26.526)
132.2,(2484.625 -0.011 2547.488),(0.644 0.002 0.765),(11.301 0.000 13.397),(-129.971 0.006 -144.099),2329.114,5.000,1.000,0.000,0.019,(25.252 0.000 26.757)
132.4,(2486.901 -0.011 2550.185),(0.645 0.002 0.764),(11.448 0.000 13.553),(-132.769 0.006 -146.779),2350.004,5.000,1.000,0.000,0.019,(25.470 0.000 26.988)
132.6,(2489.205 -0.011 2552.910),(0.645 0.001 0.764),(11.570 0.000 13.682),(-135.583 0.006 -149.477),2366.024,5.000,1.000,0.000,0.017,(25.687 -0.001 27.219)
132.8,(2491.535 -0.011 2555.665),(0.646 0.002 0.764),(11.715 0.000 13.842),(-138.414 0.006 -152.192),2386.094,5.000,1.000,0.000,0.017,(25.904 0.000 27.448)
133,(2493.891 -0.011 2558.447),(0.646 0.001 0.763),(11.841 -0.001 13.969),(-141.263 0.006 -154.924),2402.639,5.000,1.000,0.000,0.023,(26.119 -0.001 27.677)
133.2,(2496.276 -0.012 2561.258),(0.647 0.002 0.763),(11.997 0.000 14.122),(-144.125 0.006 -157.673),2422.999,5.000,1.000,0.000,0.023,(26.334 -0.001 27.904)
133.4,(2498.688 -0.011 2564.095),(0.648 0.002 0.762),(12.134 0.000 14.242),(-147.003 0.006 -160.443),2440.053,5.000,1.000,0.000,0.025,(26.549 -0.001 28.131)
133.6,(2501.133 -0.012 2566.960),(0.649 0.002 0.761),(12.297 0.000 14.391),(-149.892 0.006 -163.229),2460.729,5.000,1.000,0.000,0.029,(26.762 -0.001 28.358)
133.8,(2503.605 -0.012 2569.849),(0.650 0.002 0.760),(12.444 0.000 14.504),(-152.795 0.007 -166.036),2476.167,5.000,1.000,0.000,0.031,(26.975 -0.001 28.583)
134,(2506.112 -0.012 2572.764),(0.652 0.002 0.758),(12.598 0.000 14.613),(-155.707 0.007 -168.862),2488.652,5.000,1.000,0.000,0.035,(27.187 -0.001 28.807)
134.2,(2508.651 -0.012 2575.702),(0.654 0.002 0.756),(12.781 0.000 14.746),(-158.628 0.007 -171.710),2521.443,5.000,1.000,0.000,0.035,(27.398 -0.001 29.031)
134.4,(2511.225 -0.012 2578.665),(0.656 0.001 0.755),(12.941 0.000 14.851),(-161.557 0.007 -174.578),2544.640,5.000,1.000,0.000,0.035,(27.608 -0.001 29.254)
134.6,(2513.833 -0.012 2581.651),(0.658 0.002 0.753),(13.125 0.000 14.986),(-164.494 0.007 -177.468),2573.960,5.000,1.000,0.000,0.033,(27.818 -0.001 29.476)
134.8,(2516.474 -0.012 2584.660),(0.660 0.002 0.751),(13.282 0.000 15.095),(-167.439 0.007 -180.378),2597.800,5.000,1.000,0.000,0.031,(28.026 -0.001 29.697)
135,(2519.150 -0.012 2587.696),(0.661 0.002 0.750),(13.461 0.000 15.238),(-170.392 0.007 -183.306),2627.057,5.000,1.000,0.000,0.029,(28.234 -0.001 29.918)
135.2,(2521.857 -0.012 2590.755),(0.663 0.002 0.749),(13.613 0.000 15.353),(-173.357 0.007 -186.221),2651.372,5.000,1.000,0.000,0.025,(28.581 -0.014 29.718)
135.4,(2524.598 -0.012 2593.843),(0.664 0.002 0.748),(13.781 0.000 15.510),(-176.358 0.007 -189.098),2680.740,5.000,1.000,0.000,0.019,(28.792 0.005 29.932)
135.6,(2527.366 -0.012 2596.958),(0.664 0.002 0.748),(13.915 0.000 15.644),(-179.371 0.007 -191.994),2705.419,5.000,1.000,0.000,0.017,(29.000 -0.004 30.149)
135.8,(2530.166 -0.012 2600.103),(0.665 0.002 0.747),(14.056 -0.001 15.774),(-182.394 0.007 -194.902),2723.702,5.000,1.000,0.000,0.023,(29.208 0.000 30.365)
136,(2532.996 -0.012 2603.275),(0.666 0.002 0.746),(14.233 0.000 15.925),(-185.426 0.007 -197.825),2759.929,5.000,1.000,0.000,0.025,(29.350 -0.001 30.512)
136.2,(2535.859 -0.012 2606.475),(0.667 0.002 0.745),(14.386 0.000 16.047),(-188.427 0.006 -200.722),2784.235,5.000,1.000,0.000,0.025,(29.370 0.000 30.534)
136.4,(2538.756 -0.012 2609.702),(0.668 0.002 0.744),(14.566 0.000 16.199),(-191.422 0.007 -203.620),2814.922,5.000,1.000,0.000,0.025,(29.528 -0.001 30.698)
136.6,(2541.685 -0.012 2612.955),(0.669 0.002 0.743),(14.721 0.000 16.320),(-194.419 0.007 -206.480),2839.851,5.000,1.000,0.000,0.023,(29.909 -0.023 30.217)
136.8,(2544.648 -0.012 2616.237),(0.670 0.002 0.742),(14.897 0.000 16.479),(-197.484 0.007 -209.233),2870.420,5.000,1.000,0.000,0.021,(30.229 0.018 30.221)
137,(2547.642 -0.012 2619.546),(0.671 0.002 0.742),(15.045 0.000 16.608),(-200.553 0.007 -211.987),2895.787,5.000,1.000,0.000,0.019,(30.383 -0.007 30.388)
137.2,(2550.669 -0.013 2622.886),(0.671 0.002 0.741),(15.209 0.000 16.781),(-203.619 0.007 -214.741),2926.413,5.000,1.000,0.000,0.014,(30.542 0.001 30.546)
137.4,(2553.724 -0.012 2626.256),(0.671 0.002 0.741),(15.346 0.000 16.923),(-206.691 0.007 -217.499),2952.106,5.000,1.000,0.000,0.012,(30.700 -0.001 30.705)
137.6,(2556.809 -0.012 2629.659),(0.671 0.002 0.741),(15.476 0.000 17.073),(-209.710 0.008 -220.263),2971.084,5.000,1.000,0.000,0.008,(30.400 0.000 31.030)
137.8,(2559.922 -0.013 2633.093),(0.671 0.002 0.741),(15.637 0.000 17.251),(-212.698 0.007 -223.050),3008.810,5.000,1.000,0.000,0.008,(30.578 0.001 31.167)
138,(2563.065 -0.012 2636.561),(0.672 0.002 0.741),(15.775 -0.001 17.395),(-215.688 0.007 -225.833),3034.043,5.000,1.000,0.000,0.014,(30.733 -0.002 31.327)
138.2,(2566.239 -0.013 2640.059),(0.672 0.002 0.741),(15.947 0.000 17.566),(-218.677 0.007 -228.618),3065.903,5.000,1.000,0.000,0.019,(30.887 0.000 31.484)
138.4,(2569.445 -0.013 2643.586),(0.673 0.002 0.740),(16.105 -0.001 17.695),(-221.663 0.007 -231.401),3091.720,5.000,1.000,0.000,0.025,(30.963 -0.001 31.561)
138.6,(2572.687 -0.013 2647.143),(0.674 0.002 0.739),(16.296 0.000 17.850),(-224.476 0.000 -234.015),3123.387,5.000,1.000,0.000,0.025,(29.993 0.004 30.572)
138.8,(2575.962 -0.013 2650.726),(0.675 0.002 0.738),(16.463 0.000 17.972),(-227.147 0.002 -236.495),3149.609,5.000,1.000,0.000,0.025,(29.201 0.001 29.765)
139,(2579.275 -0.013 2654.338),(0.676 0.002 0.737),(16.653 0.000 18.131),(-229.484 -0.006 -238.642),3181.271,5.000,1.000,0.000,0.023,(27.421 0.006 27.950)
139.2,(2582.621 -0.013 2657.976),(0.677 0.002 0.736),(16.818 0.000 18.256),(-231.445 -0.003 -240.436),3207.775,5.000,1.000,0.000,0.021,(25.752 0.002 26.529)
139.4,(2586.003 -0.013 2661.645),(0.678 0.002 0.735),(16.974 0.000 18.391),(-233.040 -0.004 -241.919),3227.227,5.000,1.000,0.000,0.017,(24.208 0.009 25.085)
139.6,(2589.417 -0.013 2665.342),(0.678 0.002 0.735),(17.154 0.000 18.561),(-234.311 -0.004 -243.069),3266.217,5.000,1.000,0.000,0.017,(22.870 0.002 23.669)
139.8,(2592.865 -0.013 2669.070),(0.679 0.002 0.734),(17.305 -0.001 18.701),(-235.278 -0.005 -243.918),3292.158,5.000,1.000,0.000,0.016,(21.450 0.004 22.269)
140,(2596.346 -0.013 2672.830),(0.679 0.003 0.734),(17.480 0.000 18.879),(-235.931 -0.006 -244.453),3324.958,5.000,1.000,0.000,0.014,(20.046 0.003 20.854)
140.2,(2599.858 -0.013 2676.623),(0.679 0.002 0.734),(17.626 -0.001 19.025),(-236.299 -0.006 -244.683),3351.456,5.000,1.000,0.000,0.016,(18.833 0.004 19.426)
140.4,(2603.402 -0.014 2680.447),(0.680 0.003 0.734),(17.803 0.000 19.202),(-236.376 -0.008 -244.576),3383.991,5.000,1.000,0.000,0.016,(17.476 0.005 17.898)
140.6,(2606.978 -0.013 2684.302),(0.680 0.002 0.733),(17.957 -0.001 19.342),(-236.149 -0.007 -244.153),3410.847,5.000,1.000,0.000,0.019,(16.204 -0.005 16.557)
140.8,(2610.590 -0.014 2688.189),(0.681 0.003 0.733),(18.149 -0.001 19.508),(-235.626 -0.009 -243.423),3443.313,5.000,1.000,0.000,0.023,(14.873 0.002 15.153)
141,(2614.241 -0.014 2692.109),(0.682 0.003 0.732),(18.349 0.000 19.667),(-234.797 -0.009 -242.373),3475.992,5.000,1.000,0.000,0.023,(13.523 0.001 13.702)
141.2,(2617.933 -0.014 2696.060),(0.683 0.003 0.731),(18.549 0.000 19.826),(-233.686 -0.009 -241.020),3508.762,5.000,1.000,0.000,0.023,(12.343 0.006 12.352)
141.4,(2621.664 -0.014 2700.043),(0.684 0.003 0.730),(18.750 0.000 19.985),(-232.279 -0.010 -239.356),3541.590,5.000,1.000,0.000,0.023,(11.023 0.001 10.969)
141.6,(2625.436 -0.014 2704.059),(0.685 0.003 0.729),(18.954 0.000 20.144),(-230.567 -0.010 -237.389),3574.495,5.000,1.000,0.000,0.025,(9.767 0.001 9.682)
141.8,(2629.249 -0.014 2708.104),(0.686 0.003 0.728),(19.163 0.000 20.297),(-228.560 -0.011 -235.132),3607.462,5.000,1.000,0.000,0.025,(8.443 0.002 8.348)
142,(2633.104 -0.014 2712.181),(0.687 0.003 0.726),(19.373 0.000 20.450),(-226.243 -0.011 -232.574),3640.498,5.000,1.000,0.000,0.025,(7.078 0.001 6.993)
142.2,(2637.001 -0.014 2716.288),(0.688 0.003 0.725),(19.579 0.000 20.607),(-223.617 -0.011 -229.723),3673.592,5.000,1.000,0.000,0.019,(5.730 0.001 5.658)
142.4,(2640.938 -0.014 2720.428),(0.689 0.003 0.725),(19.774 0.000 20.775),(-220.681 -0.011 -226.570),3706.738,5.000,1.000,0.000,0.019,(4.406 0.001 4.348)
142.6,(2644.914 -0.014 2724.603),(0.690 0.003 0.724),(19.967 0.000 20.946),(-217.461 -0.009 -223.142),3739.941,5.000,1.000,0.000,0.017,(3.453 0.000 3.407)
142.8,(2648.927 -0.014 2728.811),(0.690 0.003 0.724),(20.154 0.000 21.122),(-214.145 -0.004 -219.622),3773.190,5.000,1.000,0.000,0.014,(3.488 0.000 3.441)
143,(2652.978 -0.014 2733.055),(0.690 0.003 0.724),(20.335 0.000 21.305),(-210.794 -0.005 -216.067),3806.483,5.000,1.000,0.000,0.014,(3.512 0.000 3.465)
143.2,(2657.065 -0.015 2737.336),(0.690 0.003 0.724),(20.517 0.000 21.488),(-207.412 -0.005 -212.482),3839.817,5.000,1.000,0.000,0.014,(3.534 0.000 3.487)
143.4,(2661.188 -0.015 2741.654),(0.691 0.003 0.723),(20.703 -0.001 21.667),(-203.998 -0.005 -208.864),3873.182,5.000,1.000,0.000,0.016,(3.557 0.000 3.509)
143.6,(2665.349 -0.015 2746.007),(0.691 0.003 0.723),(20.889 0.000 21.846),(-200.563 -0.004 -205.227),3906.583,5.000,1.000,0.000,0.014,(3.726 0.000 3.676)
143.8,(2669.547 -0.015 2750.397),(0.691 0.003 0.723),(21.071 0.000 22.029),(-197.135 -0.005 -201.597),3940.009,5.000,1.000,0.000,0.014,(3.952 0.000 3.899)
144,(2673.781 -0.015 2754.823),(0.691 0.003 0.723),(21.250 0.000 22.216),(-193.717 -0.005 -197.975),3973.464,5.000,1.000,0.000,0.012,(4.182 0.000 4.126)
144.2,(2678.051 -0.015 2759.287),(0.691 0.003 0.723),(21.432 -0.001 22.400),(-190.309 -0.005 -194.362),4006.927,5.000,1.000,0.000,0.016,(4.416 0.000 4.357)
144.4,(2682.358 -0.015 2763.786),(0.691 0.003 0.722),(21.624 -0.001 22.575),(-186.898 -0.004 -190.770),4040.410,5.000,1.000,0.000,0.017,(4.579 0.002 4.643)
144.6,(2686.704 -0.015 2768.321),(0.692 0.003 0.722),(21.819 0.000 22.747),(-183.497 -0.005 -187.189),4073.908,5.000,1.000,0.000,0.017,(4.837 0.002 4.869)
144.8,(2691.089 -0.015 2772.889),(0.692 0.003 0.721),(22.014 0.000 22.918),(-180.106 -0.005 -183.621),4107.408,5.000,1.000,0.000,0.017,(5.082 -0.002 5.117)
145,(2695.513 -0.015 2777.491),(0.693 0.003 0.721),(22.210 0.000 23.089),(-176.725 -0.005 -180.069),4140.913,5.000,1.000,0.000,0.017,(5.331 0.000 5.367)
145.2,(2699.977 -0.015 2782.128),(0.693 0.003 0.720),(22.407 0.000 23.259),(-173.355 -0.005 -176.534),4174.418,5.000,1.000,0.000,0.017,(5.582 0.000 5.620)
145.4,(2704.479 -0.015 2786.799),(0.694 0.003 0.720),(22.604 0.000 23.429),(-169.995 -0.005 -173.017),4207.917,5.000,1.000,0.000,0.017,(5.765 0.000 5.931)
145.6,(2709.022 -0.016 2791.504),(0.695 0.003 0.719),(22.801 0.000 23.598),(-166.628 -0.005 -169.529),4241.411,5.000,1.000,0.000,0.017,(6.009 0.006 6.179)
145.8,(2713.603 -0.016 2796.242),(0.695 0.003 0.719),(22.998 0.000 23.768),(-163.277 -0.005 -166.054),4274.891,5.000,1.000,0.000,0.016,(6.259 -0.002 6.441)
146,(2718.224 -0.016 2801.015),(0.695 0.003 0.719),(23.190 0.000 23.942),(-159.935 -0.005 -162.598),4308.357,5.000,1.000,0.000,0.016,(6.508 0.000 6.697)
146.2,(2722.883 -0.016 2805.822),(0.696 0.003 0.718),(23.387 -0.001 24.111),(-156.604 -0.005 -159.158),4341.802,5.000,1.000,0.000,0.017,(6.754 0.000 6.949)
146.4,(2727.583 -0.016 2810.663),(0.697 0.003 0.718),(23.586 0.000 24.277),(-153.282 -0.005 -155.734),4375.226,5.000,1.000,0.000,0.017,(6.995 0.000 7.198)
146.6,(2732.321 -0.016 2815.537),(0.697 0.003 0.717),(23.785 0.000 24.443),(-150.005 -0.003 -152.365),4408.550,5.000,1.000,0.000,0.017,(7.610 -0.001 7.830)
146.8,(2737.100 -0.016 2820.444),(0.698 0.003 0.716),(23.985 0.000 24.607),(-146.832 -0.003 -149.110),4441.772,5.000,1.000,0.000,0.017,(8.368 -0.001 8.610)
147,(2741.919 -0.016 2825.384),(0.698 0.003 0.716),(24.184 0.000 24.770),(-143.724 -0.007 -145.930),4474.885,5.000,1.000,0.000,0.016,(8.564 0.000 8.812)
147.2,(2746.776 -0.016 2830.357),(0.699 0.003 0.715),(24.376 0.000 24.939),(-140.647 -0.002 -142.790),4507.892,5.000,1.000,0.000,0.016,(9.245 -0.001 9.513)
147.4,(2751.673 -0.016 2835.363),(0.699 0.003 0.715),(24.569 0.000 25.106),(-137.682 -0.003 -139.770),4540.790,5.000,1.000,0.000,0.016,(9.951 -0.001 10.239)
147.6,(2756.607 -0.016 2840.403),(0.700 0.003 0.714),(24.764 -0.001 25.270),(-134.796 -0.004 -136.839),4573.576,5.000,1.000,0.000,0.017,(10.492 0.000 10.795)
147.8,(2761.582 -0.017 2845.474),(0.700 0.003 0.714),(24.963 0.000 25.428),(-131.981 -0.004 -133.976),4606.259,5.000,1.000,0.000,0.017,(11.185 -0.019 11.067)
148,(2766.596 -0.017 2850.577),(0.701 0.003 0.713),(25.162 0.000 25.585),(-129.252 -0.004 -131.154),4638.829,5.000,1.000,0.000,0.016,(11.689 0.008 11.630)
148.2,(2771.649 -0.017 2855.713),(0.701 0.003 0.713),(25.348 0.000 25.754),(-126.594 -0.004 -128.400),4671.298,5.000,1.000,0.000,0.012,(12.207 -0.004 12.142)
148.4,(2776.738 -0.017 2860.884),(0.701 0.003 0.713),(25.520 -0.001 25.935),(-124.003 -0.004 -125.714),4703.647,5.000,1.000,0.000,0.008,(12.724 0.000 12.655)
148.6,(2781.861 -0.017 2866.090),(0.701 0.003 0.713),(25.696 0.000 26.112),(-121.481 -0.004 -123.095),4735.895,5.000,1.000,0.000,0.012,(13.240 -0.001 13.169)
148.8,(2787.020 -0.017 2871.332),(0.701 0.003 0.713),(25.878 -0.001 26.281),(-119.027 -0.004 -120.544),4768.027,5.000,1.000,0.000,0.014,(13.755 -0.001 13.681)
149,(2792.215 -0.017 2876.607),(0.702 0.003 0.713),(26.061 0.000 26.448),(-116.640 -0.004 -118.061),4800.054,5.000,1.000,0.000,0.014,(14.269 -0.001 14.193)
149.2,(2797.447 -0.017 2881.915),(0.702 0.003 0.712),(26.245 0.000 26.613),(-114.281 -0.003 -115.666),4831.960,5.000,1.000,0.000,0.014,(14.448 0.011 14.903)
149.4,(2802.715 -0.017 2887.255),(0.702 0.003 0.712),(26.428 0.000 26.777),(-111.958 -0.004 -113.371),4863.760,5.000,1.000,0.000,0.014,(14.948 -0.002 15.472)
149.6,(2808.020 -0.017 2892.629),(0.702 0.003 0.712),(26.608 0.000 26.944),(-109.698 -0.003 -111.149),4895.452,5.000,1.000,0.000,0.010,(15.451 -0.001 15.991)
149.8,(2813.361 -0.017 2898.037),(0.702 0.003 0.712),(26.777 0.000 27.119),(-107.441 -0.006 -108.933),4927.025,5.000,1.000,0.000,0.010,(15.495 0.001 16.037)
150,(2818.735 -0.018 2903.480),(0.702 0.003 0.712),(26.948 0.000 27.292),(-105.225 -0.003 -106.758),4958.488,5.000,1.000,0.000,0.010,(15.989 -0.001 16.548)
150.2,(2824.143 -0.018 2908.958),(0.702 0.003 0.712),(27.119 0.000 27.464),(-103.053 -0.004 -104.631),4989.840,5.000,1.000,0.000,0.008,(16.349 0.000 16.921)
150.4,(2829.585 -0.018 2914.470),(0.702 0.003 0.712),(27.284 0.000 27.640),(-100.920 -0.004 -102.544),5021.077,5.000,1.000,0.000,0.008,(16.679 -0.001 17.263)
150.6,(2835.061 -0.018 2920.016),(0.702 0.003 0.712),(27.454 0.000 27.811),(-98.854 -0.003 -100.436),5052.203,5.000,1.000,0.000,0.008,(17.299 0.015 17.279)
150.8,(2840.570 -0.018 2925.597),(0.702 0.003 0.712),(27.622 0.000 27.981),(-96.844 -0.004 -98.354),5083.213,5.000,1.000,0.000,0.008,(17.652 -0.004 17.658)
151,(2846.112 -0.018 2931.211),(0.702 0.003 0.712),(27.772 0.000 28.133),(-94.872 -0.004 -96.310),5112.549,5.000,0.782,0.000,0.008,(18.016 0.000 18.021)
151.2,(2851.667 -0.017 2936.838),(0.703 0.001 0.711),(27.764 0.000 28.104),(-92.960 -0.003 -94.327),5112.615,5.000,0.284,0.000,0.010,(18.380 -0.001 18.385)
151.4,(2857.208 -0.016 2942.441),(0.703 0.000 0.711),(27.639 0.000 27.920),(-91.136 -0.002 -92.442),5086.671,5.000,0.000,0.000,0.012,(18.742 -0.001 18.748)
151.6,(2862.718 -0.016 2948.000),(0.704 0.000 0.710),(27.487 0.001 27.692),(-89.413 -0.002 -90.672),5052.129,5.000,0.000,0.000,0.012,(19.104 -0.001 19.109)
151.8,(2868.198 -0.016 2953.514),(0.705 0.000 0.709),(27.335 0.000 27.466),(-87.747 -0.001 -89.030),5017.491,5.000,0.000,0.000,0.010,(18.993 0.001 19.699)
152,(2873.646 -0.016 2958.983),(0.706 0.000 0.708),(27.149 0.001 27.230),(-86.132 -0.001 -87.546),4980.215,5.000,0.000,0.025,0.006,(19.324 0.003 20.084)
152.2,(2879.051 -0.016 2964.401),(0.706 -0.001 0.708),(26.912 0.001 26.976),(-84.631 -0.001 -86.184),4935.388,5.000,0.000,0.040,0.006,(19.677 -0.003 20.450)
152.4,(2884.402 -0.015 2969.765),(0.706 -0.001 0.708),(26.622 0.001 26.685),(-83.254 0.000 -84.950),4883.146,5.000,0.000,0.066,0.004,(20.028 0.000 20.815)
152.6,(2889.694 -0.015 2975.070),(0.706 -0.001 0.708),(26.327 0.001 26.390),(-82.006 0.000 -83.848),4829.167,5.000,0.000,0.066,0.004,(20.379 -0.001 21.180)
152.8,(2894.927 -0.015 2980.315),(0.706 -0.001 0.708),(26.030 0.001 26.094),(-80.888 0.001 -82.879),4774.928,5.000,0.000,0.094,0.002,(20.728 -0.001 21.543)
153,(2900.095 -0.014 2985.497),(0.706 -0.002 0.708),(25.687 0.001 25.763),(-79.904 0.001 -82.046),4714.170,5.000,0.000,0.080,0.000,(21.077 -0.001 21.905)
153.2,(2905.196 -0.014 2990.614),(0.706 -0.002 0.708),(25.357 0.001 25.432),(-79.037 -0.001 -81.330),4653.705,5.000,0.000,0.094,0.000,(21.165 0.000 21.996)
153.4,(2910.230 -0.014 2995.663),(0.706 -0.002 0.708),(25.019 0.001 25.095),(-78.258 0.002 -80.703),4591.912,5.000,0.000,0.094,-0.002,(21.427 -0.001 22.269)
153.6,(2915.195 -0.014 3000.645),(0.706 -0.002 0.708),(24.661 0.001 24.754),(-77.624 0.002 -80.156),4528.415,5.000,0.000,0.107,-0.008,(21.941 -0.001 22.041)
153.8,(2920.092 -0.014 3005.563),(0.706 -0.001 0.709),(24.378 0.001 24.493),(-77.141 0.001 -79.674),4475.306,5.000,0.000,0.000,-0.008,(22.168 0.001 22.289)
154,(2924.948 -0.015 3010.444),(0.705 0.000 0.709),(24.198 0.000 24.335),(-76.744 0.001 -79.276),4443.556,5.000,0.000,0.000,-0.008,(22.405 -0.003 22.526)
154.2,(2929.769 -0.014 3015.294),(0.705 0.000 0.709),(24.018 0.000 24.178),(-76.431 0.001 -78.958),4412.843,5.000,0.036,0.000,-0.008,(22.640 0.000 22.762)
154.4,(2934.561 -0.015 3020.121),(0.704 0.001 0.710),(23.932 0.000 24.120),(-76.181 0.000 -78.709),4397.027,5.000,0.418,0.000,-0.010,(22.559 -0.012 23.042)
154.6,(2939.345 -0.015 3024.946),(0.704 0.002 0.710),(23.919 0.000 24.144),(-75.899 0.001 -78.553),4396.412,5.000,0.584,0.000,-0.010,(22.548 0.020 23.513)
154.8,(2944.133 -0.016 3029.782),(0.704 0.002 0.711),(23.972 0.000 24.222),(-75.647 0.000 -78.444),4407.217,5.000,0.737,0.000,-0.010,(22.790 -0.006 23.742)
155,(2948.937 -0.016 3034.638),(0.703 0.002 0.711),(24.054 -0.001 24.326),(-75.427 0.000 -78.364),4423.848,5.000,0.761,0.000,-0.016,(23.018 0.001 23.981)
155.2,(2953.756 -0.016 3039.517),(0.702 0.002 0.712),(24.127 0.000 24.462),(-75.236 0.000 -78.306),4442.760,5.000,0.801,0.000,-0.017,(23.246 -0.001 24.218)
155.4,(2958.590 -0.016 3044.425),(0.701 0.003 0.713),(24.208 0.000 24.610),(-75.076 0.000 -78.268),4463.698,5.000,0.819,0.000,-0.017,(23.473 -0.001 24.455)
155.6,(2963.442 -0.016 3049.363),(0.701 0.003 0.714),(24.292 0.000 24.760),(-74.936 0.000 -78.238),4485.130,5.000,0.819,0.000,-0.017,(23.613 0.000 24.601)
155.8,(2968.310 -0.016 3054.331),(0.700 0.003 0.715),(24.375 0.000 24.910),(-74.816 0.000 -78.216),4506.511,5.000,0.819,0.000,-0.017,(23.839 -0.001 24.837)
156,(2973.194 -0.016 3059.330),(0.699 0.003 0.715),(24.456 0.000 25.061),(-74.639 -0.007 -78.122),4527.804,5.000,0.819,0.000,-0.017,(23.036 0.002 23.999)
156.2,(2978.094 -0.016 3064.358),(0.698 0.003 0.716),(24.536 0.000 25.212),(-74.292 -0.001 -77.837),4549.019,5.000,0.819,0.000,-0.021,(22.817 0.001 23.771)
156.4,(2983.009 -0.016 3069.418),(0.696 0.003 0.718),(24.593 -0.001 25.384),(-73.926 -0.004 -77.516),4570.145,5.000,0.819,0.000,-0.025,(22.374 0.000 23.310)
156.6,(2987.934 -0.016 3074.513),(0.694 0.003 0.720),(24.638 0.000 25.567),(-73.311 -0.010 -76.923),4591.236,5.000,0.822,0.000,-0.025,(20.880 -0.009 22.216)
156.8,(2992.867 -0.016 3079.646),(0.692 0.003 0.722),(24.685 0.000 25.752),(-72.405 -0.009 -76.098),4612.681,5.000,0.831,0.000,-0.025,(19.397 0.012 20.957)
157,(2997.811 -0.016 3084.816),(0.690 0.003 0.723),(24.735 0.000 25.936),(-71.178 -0.011 -74.954),4634.327,5.000,0.832,0.000,-0.021,(17.938 0.003 19.443)
157.2,(3002.766 -0.016 3090.021),(0.689 0.003 0.724),(24.812 0.001 26.094),(-69.689 -0.010 -73.482),4655.965,5.000,0.833,0.000,-0.010,(16.791 0.004 17.953)
157.4,(3007.741 -0.016 3095.253),(0.689 0.003 0.724),(24.937 -0.001 26.204),(-67.935 -0.011 -71.677),4677.546,5.000,0.816,0.000,0.000,(15.545 0.003 16.442)
157.6,(3012.738 -0.016 3100.501),(0.690 0.002 0.724),(24.991 0.001 26.244),(-65.919 -0.010 -69.571),4689.380,5.000,0.371,0.000,0.002,(14.494 0.002 15.211)
157.8,(3017.723 -0.015 3105.736),(0.690 0.000 0.724),(24.857 0.000 26.103),(-63.746 -0.009 -67.276),4666.932,5.000,0.000,0.000,0.002,(13.523 0.004 14.130)
158,(3022.675 -0.015 3110.937),(0.690 0.000 0.724),(24.682 0.000 25.927),(-61.350 -0.011 -64.746),4635.203,5.000,0.000,0.000,0.000,(12.190 0.001 12.739)
158.2,(3027.593 -0.015 3116.103),(0.690 0.000 0.724),(24.513 0.000 25.747),(-58.815 -0.004 -62.071),4603.124,5.000,0.000,0.000,0.002,(11.854 0.000 12.389)
158.4,(3032.478 -0.015 3121.232),(0.690 0.000 0.724),(24.354 0.000 25.559),(-56.273 -0.003 -59.390),4571.379,5.000,0.000,0.000,0.006,(11.874 0.000 12.410)
158.6,(3037.330 -0.015 3126.322),(0.690 0.000 0.724),(24.176 0.001 25.364),(-53.836 -0.002 -56.823),4537.554,5.000,0.000,0.025,0.008,(12.216 0.000 12.767)
158.8,(3042.138 -0.014 3131.364),(0.690 -0.001 0.723),(23.925 0.000 25.066),(-51.529 -0.001 -54.395),4489.574,5.000,0.000,0.080,0.010,(12.732 -0.001 13.306)
159,(3046.891 -0.014 3136.339),(0.691 -0.002 0.723),(23.628 0.001 24.714),(-49.363 -0.002 -52.124),4430.792,5.000,0.000,0.094,0.010,(12.971 0.000 13.556)
159.2,(3051.583 -0.014 3141.243),(0.691 -0.002 0.722),(23.321 0.001 24.361),(-47.271 -0.001 -49.942),4370.312,5.000,0.000,0.066,0.006,(13.137 0.000 13.884)
159.4,(3056.209 -0.013 3146.075),(0.691 -0.003 0.722),(22.912 0.001 23.934),(-45.302 0.001 -47.967),4298.402,5.000,0.000,0.229,0.004,(13.458 0.012 14.597)
159.6,(3060.715 -0.010 3150.783),(0.691 -0.007 0.722),(22.164 0.002 23.153),(-43.532 0.002 -46.228),4165.464,5.000,0.000,0.458,0.004,(13.859 -0.004 15.037)
159.8,(3065.039 -0.009 3155.300),(0.691 -0.009 0.722),(21.160 0.002 22.103),(-42.036 0.005 -44.778),3982.175,5.000,0.000,0.575,0.004,(14.356 0.000 15.576)
160,(3069.144 -0.008 3159.588),(0.691 -0.011 0.722),(19.994 0.002 20.885),(-40.856 0.006 -43.665),3764.262,5.000,0.000,0.619,0.000,(14.846 -0.001 16.108)
160.2,(3073.012 -0.007 3163.629),(0.691 -0.010 0.722),(18.809 0.002 19.660),(-39.988 0.005 -42.879),3544.404,5.000,0.000,0.618,-0.008,(15.031 0.000 16.308)
160.4,(3076.644 -0.007 3167.428),(0.691 -0.010 0.723),(17.623 0.002 18.456),(-39.388 0.007 -42.369),3324.251,5.000,0.000,0.612,-0.012,(15.371 -0.001 16.677)
160.6,(3080.039 -0.007 3170.987),(0.690 -0.011 0.724),(16.448 0.002 17.261),(-39.114 0.007 -42.196),3107.865,5.000,0.000,0.593,-0.012,(15.766 -0.001 17.105)
160.8,(3083.213 -0.007 3174.321),(0.689 -0.008 0.724),(15.468 0.002 16.265),(-39.132 0.006 -42.325),2919.006,5.000,0.000,0.189,-0.012,(16.117 -0.001 17.486)
161,(3086.286 -0.012 3177.555),(0.689 0.001 0.725),(15.295 0.000 16.099),(-39.321 0.002 -42.631),2876.781,5.000,0.000,0.000,-0.010,(16.468 -0.001 17.867)
161.2,(3089.331 -0.011 3180.760),(0.689 -0.001 0.725),(15.173 0.000 15.973),(-39.608 0.003 -43.040),2852.509,5.000,0.000,0.000,-0.006,(16.818 -0.001 18.247)
161.4,(3092.354 -0.011 3183.942),(0.689 0.000 0.725),(15.081 0.000 15.876),(-39.987 0.003 -43.550),2832.933,5.000,0.492,0.000,-0.006,(17.167 -0.001 18.626)
161.6,(3095.370 -0.012 3187.118),(0.689 0.001 0.725),(15.086 0.000 15.886),(-40.442 0.002 -44.141),2834.138,5.000,0.495,0.000,-0.010,(17.516 -0.001 19.004)
161.8,(3098.389 -0.012 3190.298),(0.688 0.001 0.725),(15.091 0.000 15.914),(-40.965 0.003 -44.802),2785.046,5.000,0.543,0.000,-0.014,(17.864 -0.001 19.382)
162,(3101.410 -0.012 3193.487),(0.688 0.001 0.726),(15.125 0.000 15.977),(-41.555 0.003 -45.531),2845.107,5.000,0.673,0.000,-0.014,(18.211 -0.001 19.758)
162.2,(3104.442 -0.012 3196.691),(0.687 0.001 0.726),(15.169 0.000 16.047),(-42.203 0.003 -46.320),2854.043,5.000,0.706,0.000,-0.016,(18.557 -0.001 20.133)
162.4,(3107.483 -0.012 3199.911),(0.687 0.001 0.727),(15.233 0.000 16.145),(-42.875 -0.001 -47.127),2870.077,5.000,0.716,0.000,-0.017,(18.318 0.000 19.874)
162.6,(3110.534 -0.012 3203.149),(0.686 0.001 0.728),(15.273 0.000 16.237),(-43.340 -0.006 -47.704),2881.974,5.000,0.738,0.000,-0.023,(17.173 0.003 18.631)
162.8,(3113.596 -0.012 3206.409),(0.684 0.002 0.729),(15.331 0.000 16.363),(-43.573 -0.006 -48.020),2899.010,5.000,0.750,0.000,-0.025,(15.868 0.002 17.216)
163,(3116.666 -0.012 3209.692),(0.683 0.001 0.731),(15.367 0.000 16.471),(-43.531 -0.007 -48.022),2912.395,5.000,0.757,0.000,-0.025,(14.527 0.002 15.761)
163.2,(3119.747 -0.012 3213.000),(0.681 0.002 0.732),(15.428 0.000 16.604),(-43.226 -0.007 -47.725),2930.234,5.000,0.763,0.000,-0.025,(13.300 0.002 14.429)
163.4,(3122.837 -0.012 3216.331),(0.680 0.001 0.734),(15.467 0.000 16.715),(-42.653 -0.008 -47.125),2944.340,5.000,0.763,0.000,-0.025,(11.979 0.002 12.995)
163.6,(3125.938 -0.012 3219.688),(0.678 0.001 0.735),(15.511 0.000 16.832),(-41.822 -0.006 -46.230),2906.057,5.000,0.764,0.000,-0.025,(11.057 0.001 11.995)
163.8,(3129.046 -0.012 3223.068),(0.677 0.002 0.736),(15.567 0.000 16.963),(-40.830 -0.007 -45.147),2976.615,5.000,0.764,0.000,-0.025,(10.135 0.001 10.995)
164,(3132.166 -0.012 3226.473),(0.675 0.001 0.738),(15.605 0.000 17.076),(-39.590 -0.009 -43.781),2989.477,5.000,0.764,0.000,-0.025,(8.828 0.001 9.576)
164.2,(3135.294 -0.012 3229.903),(0.673 0.002 0.739),(15.659 0.000 17.206),(-38.172 -0.002 -42.207),3008.819,5.000,0.384,0.000,-0.023,(8.490 0.000 9.210)
164.4,(3138.415 -0.011 3233.338),(0.672 -0.001 0.741),(15.537 0.001 17.134),(-36.679 -0.003 -40.542),2994.711,5.000,0.000,0.000,-0.014,(8.057 0.000 8.909)
164.6,(3141.507 -0.011 3236.752),(0.671 -0.001 0.741),(15.388 0.000 16.999),(-35.256 0.003 -38.994),2971.714,5.000,0.000,0.134,-0.010,(8.494 0.010 9.588)
164.8,(3144.545 -0.010 3240.108),(0.671 -0.004 0.741),(15.016 0.001 16.595),(-33.984 0.003 -37.635),2904.801,5.000,0.000,0.189,-0.006,(9.127 -0.003 10.336)
165,(3147.504 -0.010 3243.377),(0.671 -0.003 0.741),(14.611 0.001 16.145),(-32.842 -0.001 -36.422),2827.083,5.000,0.000,0.175,-0.004,(9.055 0.001 10.257)
165.2,(3150.383 -0.009 3246.558),(0.671 -0.003 0.741),(14.221 0.001 15.699),(-31.778 0.001 -35.299),2750.183,5.000,0.000,0.189,0.002,(9.038 0.000 10.237)
165.4,(3153.178 -0.009 3249.643),(0.671 -0.004 0.741),(13.765 0.001 15.194),(-30.704 -0.005 -34.163),2620.151,5.000,0.000,0.215,0.002,(8.167 0.001 9.251)
165.6,(3155.877 -0.009 3252.622),(0.671 -0.005 0.741),(13.260 0.001 14.636),(-29.516 -0.004 -32.885),2567.571,5.000,0.000,0.269,0.002,(7.390 -0.010 7.983)
165.8,(3158.462 -0.008 3255.475),(0.671 -0.006 0.741),(12.643 0.001 13.955),(-28.358 0.002 -31.591),2442.420,5.000,0.000,0.324,0.002,(7.121 0.013 7.719)
166,(3160.920 -0.008 3258.189),(0.671 -0.006 0.741),(12.016 0.001 13.263),(-27.366 0.003 -30.460),2312.019,5.000,0.000,0.310,0.002,(7.306 -0.003 7.877)
166.2,(3163.256 -0.007 3260.767),(0.671 -0.006 0.741),(11.400 0.001 12.583),(-26.505 0.004 -29.472),2183.463,5.000,0.000,0.310,0.002,(7.626 0.000 8.225)
166.4,(3165.469 -0.007 3263.209),(0.671 -0.006 0.741),(10.787 0.001 11.906),(-25.879 0.008 -28.780),2054.820,5.000,0.000,0.310,0.002,(8.168 0.008 9.196)
166.6,(3167.560 -0.007 3265.517),(0.671 -0.006 0.741),(10.194 0.001 11.252),(-25.429 0.001 -28.324),1925.183,5.000,0.000,0.215,0.002,(8.248 0.000 9.318)
166.8,(3169.576 -0.010 3267.743),(0.671 0.000 0.741),(10.025 0.000 11.066),(-25.147 0.005 -28.058),1869.861,5.000,0.000,0.000,0.002,(8.992 -0.002 10.156)
167,(3171.570 -0.010 3269.944),(0.671 -0.001 0.741),(9.929 0.000 10.957),(-25.025 0.003 -27.970),1844.645,5.000,0.000,0.000,0.004,(9.620 0.000 10.865)
167.2,(3173.550 -0.010 3272.128),(0.671 0.000 0.741),(9.882 0.000 10.905),(-25.025 0.003 -28.023),1963.746,5.000,0.592,0.000,0.004,(10.127 -0.001 11.437)
167.4,(3175.530 -0.010 3274.313),(0.671 0.001 0.741),(9.919 0.000 10.946),(-25.124 0.002 -28.185),2039.494,5.000,0.660,0.000,0.004,(10.612 0.000 11.986)
167.6,(3177.519 -0.010 3276.508),(0.671 0.001 0.741),(9.962 0.000 10.993),(-25.310 0.003 -28.447),2044.558,5.000,0.668,0.000,0.004,(11.096 -0.001 12.532)
167.8,(3179.518 -0.010 3278.714),(0.671 0.001 0.741),(10.018 0.000 11.059),(-25.584 0.003 -28.808),2058.350,5.000,0.670,0.000,-0.002,(11.580 -0.001 13.078)
168,(3181.526 -0.010 3280.932),(0.671 0.001 0.741),(10.057 0.000 11.114),(-25.973 0.003 -29.227),2065.709,5.000,0.680,0.000,-0.008,(12.266 0.013 13.379)
168.2,(3183.544 -0.011 3283.163),(0.671 0.001 0.741),(10.119 0.000 11.185),(-26.465 0.003 -29.732),2077.267,5.000,0.697,0.000,-0.008,(12.774 -0.004 13.920)
168.4,(3185.573 -0.010 3285.405),(0.671 0.001 0.741),(10.171 0.000 11.241),(-27.046 0.003 -30.332),2087.029,5.000,0.712,0.000,-0.006,(13.265 0.000 14.455)
168.6,(3187.615 -0.011 3287.662),(0.671 0.001 0.741),(10.243 0.000 11.316),(-27.669 0.003 -31.047),2098.389,5.000,0.731,0.000,-0.004,(13.439 0.014 15.185)
168.8,(3189.668 -0.011 3289.931),(0.671 0.001 0.741),(10.301 0.000 11.383),(-28.355 0.003 -31.878),2110.514,5.000,0.756,0.000,-0.006,(13.915 -0.003 15.746)
169,(3191.737 -0.011 3292.218),(0.671 0.001 0.741),(10.368 0.000 11.462),(-29.066 -0.002 -32.737),2081.512,5.000,0.822,0.000,-0.012,(13.626 0.001 15.418)
169.2,(3193.820 -0.011 3294.521),(0.671 0.001 0.741),(10.462 0.000 11.572),(-29.676 0.002 -33.480),2149.392,5.000,0.885,0.000,-0.012,(13.636 0.000 15.429)
169.4,(3195.924 -0.011 3296.848),(0.671 0.001 0.741),(10.553 0.000 11.673),(-30.357 0.004 -34.305),2164.360,5.000,0.936,0.000,-0.010,(14.114 -0.001 15.970)
169.6,(3198.050 -0.011 3299.198),(0.671 0.002 0.741),(10.688 0.000 11.818),(-31.056 0.000 -35.150),2191.079,5.000,1.000,0.000,-0.008,(14.193 0.001 16.060)
169.8,(3200.200 -0.011 3301.575),(0.671 0.001 0.741),(10.803 0.000 11.944),(-31.801 0.004 -36.050),2205.380,5.000,1.000,0.000,-0.008,(14.700 -0.001 16.634)
170,(3202.376 -0.011 3303.982),(0.671 0.002 0.741),(10.944 0.000 12.097),(-32.564 -0.001 -36.970),2223.285,5.000,1.000,0.000,-0.006,(14.654 0.000 16.581)
170.2,(3204.577 -0.011 3306.414),(0.671 0.001 0.741),(11.058 0.000 12.226),(-33.289 0.002 -37.848),2238.141,5.000,1.000,0.000,-0.010,(14.756 0.000 16.696)
170.4,(3206.804 -0.011 3308.877),(0.671 0.002 0.741),(11.196 0.000 12.383),(-34.052 0.002 -38.768),2256.338,5.000,1.000,0.000,-0.012,(15.102 -0.001 17.089)
170.6,(3209.054 -0.011 3311.366),(0.671 0.002 0.742),(11.310 0.000 12.514),(-34.860 0.002 -39.738),2271.661,5.000,1.000,0.000,-0.012,(15.437 0.000 17.467)
170.8,(3211.331 -0.011 3313.885),(0.671 0.002 0.742),(11.431 0.000 12.647),(-35.708 0.003 -40.755),2241.043,5.000,1.000,0.000,-0.014,(15.780 -0.001 17.855)
171,(3213.631 -0.011 3316.432),(0.671 0.002 0.742),(11.563 0.000 12.805),(-36.601 0.003 -41.822),2305.943,5.000,1.000,0.000,-0.016,(16.123 -0.001 18.243)
171.2,(3215.958 -0.011 3319.008),(0.670 0.001 0.742),(11.678 0.000 12.938),(-37.536 0.003 -42.937),2322.034,5.000,1.000,0.000,-0.017,(16.465 -0.001 18.630)
171.4,(3218.309 -0.011 3321.614),(0.670 0.002 0.742),(11.812 0.000 13.104),(-38.516 0.003 -44.100),2341.010,5.000,1.000,0.000,-0.023,(16.806 -0.001 19.016)
171.6,(3220.683 -0.011 3324.251),(0.669 0.001 0.743),(11.913 0.000 13.251),(-39.540 0.003 -45.308),2356.985,5.000,1.000,0.000,-0.025,(17.147 -0.001 19.402)
171.8,(3223.080 -0.011 3326.920),(0.668 0.002 0.744),(12.040 0.000 13.427),(-40.610 0.003 -46.562),2376.884,5.000,1.000,0.000,-0.025,(17.486 -0.001 19.786)
172,(3225.498 -0.011 3329.620),(0.667 0.001 0.745),(12.140 0.000 13.577),(-41.726 0.003 -47.861),2393.414,5.000,1.000,0.000,-0.025,(17.825 -0.001 20.170)
172.2,(3227.941 -0.012 3332.355),(0.666 0.002 0.746),(12.265 0.000 13.756),(-42.886 0.003 -49.202),2413.582,5.000,1.000,0.000,-0.029,(18.163 -0.001 20.552)
172.4,(3230.403 -0.011 3335.121),(0.665 0.002 0.747),(12.358 0.000 13.914),(-44.094 0.003 -50.589),2430.582,5.000,1.000,0.000,-0.029,(18.500 -0.001 20.934)
172.6,(3232.887 -0.012 3337.923),(0.663 0.002 0.748),(12.457 0.000 14.076),(-45.345 0.003 -52.015),2400.327,5.000,1.000,0.000,-0.029,(18.795 -0.001 21.267)
172.8,(3235.392 -0.012 3340.757),(0.662 0.002 0.750),(12.570 0.000 14.260),(-46.565 0.004 -53.508),2467.405,5.000,1.000,0.000,-0.029,(18.620 0.010 21.936)
173,(3237.919 -0.012 3343.627),(0.660 0.002 0.751),(12.664 0.000 14.421),(-47.801 0.003 -55.066),2482.200,5.000,1.000,0.000,-0.029,(18.961 -0.003 22.312)
173.2,(3240.465 -0.012 3346.532),(0.659 0.002 0.752),(12.782 0.000 14.610),(-49.083 0.004 -56.666),2508.246,5.000,1.000,0.000,-0.029,(19.287 -0.001 22.697)
173.4,(3243.032 -0.012 3349.471),(0.658 0.001 0.753),(12.876 0.000 14.771),(-50.408 0.004 -58.308),2531.608,5.000,1.000,0.000,-0.025,(19.613 0.000 23.080)
173.6,(3245.622 -0.012 3352.446),(0.657 0.002 0.754),(13.001 0.000 14.957),(-51.772 0.003 -59.985),2560.613,5.000,1.000,0.000,-0.025,(19.816 -0.001 23.319)
173.8,(3248.233 -0.012 3355.454),(0.656 0.002 0.755),(13.101 0.000 15.115),(-53.147 0.004 -61.613),2584.512,5.000,1.000,0.000,-0.021,(20.276 -0.008 23.032)
174,(3250.868 -0.012 3358.496),(0.655 0.002 0.756),(13.240 0.000 15.293),(-54.578 -0.001 -63.161),2613.580,5.000,1.000,0.000,-0.016,(20.035 0.010 22.605)
174.2,(3253.527 -0.012 3361.569),(0.655 0.002 0.756),(13.356 0.000 15.439),(-55.889 0.002 -64.568),2637.895,5.000,1.000,0.000,-0.014,(19.868 -0.004 22.421)
174.4,(3256.215 -0.012 3364.674),(0.655 0.002 0.756),(13.490 0.000 15.581),(-57.064 -0.006 -65.822),2613.169,5.000,1.000,0.000,-0.006,(18.714 0.004 21.118)
174.6,(3258.929 -0.012 3367.808),(0.655 0.002 0.756),(13.641 0.000 15.744),(-57.946 -0.004 -66.758),2691.771,5.000,1.000,0.000,-0.002,(17.392 -0.010 20.073)
174.8,(3261.673 -0.012 3370.974),(0.655 0.002 0.756),(13.767 0.000 15.886),(-58.558 -0.003 -67.579),2714.944,5.000,1.000,0.000,0.002,(16.157 0.024 19.479)
175,(3264.443 -0.012 3374.170),(0.655 0.002 0.756),(13.924 -0.001 16.055),(-58.874 -0.008 -68.110),2746.122,5.000,1.000,0.000,0.010,(14.856 -0.004 17.954)
175.2,(3267.243 -0.012 3377.397),(0.655 0.002 0.755),(14.056 0.000 16.195),(-59.018 0.001 -68.347),2770.622,5.000,1.000,0.000,0.010,(14.877 -0.007 16.710)
175.4,(3270.071 -0.012 3380.656),(0.655 0.002 0.755),(14.209 0.000 16.371),(-59.129 -0.006 -68.341),2800.993,5.000,1.000,0.000,0.010,(14.251 0.009 15.705)
175.6,(3272.926 -0.012 3383.945),(0.655 0.002 0.755),(14.337 0.000 16.516),(-58.984 -0.007 -68.050),2825.997,5.000,1.000,0.000,0.010,(12.935 -0.014 14.689)
175.8,(3275.810 -0.012 3387.268),(0.655 0.002 0.755),(14.491 0.000 16.693),(-58.578 -0.007 -67.532),2856.381,5.000,1.000,0.000,0.010,(11.802 0.011 13.432)
176,(3278.721 -0.012 3390.620),(0.655 0.002 0.755),(14.621 0.000 16.839),(-57.890 -0.009 -66.711),2881.770,5.000,1.000,0.000,0.010,(10.533 -0.002 12.004)
176.2,(3281.662 -0.012 3394.008),(0.655 0.002 0.755),(14.754 0.000 16.993),(-56.925 -0.003 -65.649),2855.332,5.000,0.966,0.000,0.010,(9.305 -0.007 11.623)
176.4,(3284.622 -0.012 3397.416),(0.656 0.001 0.755),(14.795 0.000 17.033),(-55.729 -0.009 -64.441),2920.989,5.000,0.000,0.000,0.010,(8.301 0.003 10.357)
176.6,(3287.568 -0.011 3400.807),(0.656 -0.001 0.755),(14.686 0.000 16.892),(-54.332 -0.006 -62.970),2898.000,5.000,0.000,0.000,0.010,(7.600 -0.013 9.050)
176.8,(3290.493 -0.011 3404.170),(0.656 0.000 0.755),(14.575 0.000 16.754),(-52.906 -0.003 -61.334),2875.764,5.000,0.000,0.000,0.004,(7.258 0.016 8.407)
177,(3293.394 -0.011 3407.506),(0.656 -0.001 0.755),(14.437 0.000 16.612),(-51.497 0.003 -59.768),2850.945,5.000,0.000,0.040,0.000,(7.714 0.007 9.220)
177.2,(3296.259 -0.010 3410.802),(0.656 -0.002 0.755),(14.221 0.000 16.364),(-50.271 0.003 -58.364),2810.354,5.000,0.000,0.094,0.000,(8.586 0.011 9.716)
177.4,(3299.073 -0.010 3414.040),(0.656 -0.002 0.755),(13.941 0.000 16.042),(-49.214 0.000 -57.105),2756.750,5.000,0.000,0.120,0.002,(8.800 -0.003 9.897)
177.6,(3301.827 -0.010 3417.209),(0.656 -0.003 0.755),(13.637 0.001 15.683),(-48.257 0.005 -56.005),2695.962,5.000,0.000,0.120,0.004,(9.216 0.012 10.788)
177.8,(3304.529 -0.010 3420.315),(0.656 -0.001 0.755),(13.430 0.000 15.441),(-47.466 0.003 -55.156),2650.938,5.000,0.000,0.000,0.008,(9.800 -0.001 11.653)
178,(3307.203 -0.011 3423.389),(0.656 0.000 0.755),(13.329 0.000 15.315),(-46.806 0.002 -54.479),2579.847,5.000,0.000,0.000,0.010,(10.292 0.000 12.257)
178.2,(3309.856 -0.011 3426.437),(0.656 -0.001 0.754),(13.218 0.000 15.179),(-46.263 0.002 -53.945),2606.611,5.000,0.000,0.000,0.008,(10.763 -0.001 12.819)
178.4,(3312.491 -0.011 3429.463),(0.656 0.000 0.754),(13.147 0.000 15.107),(-45.849 0.003 -53.520),2590.894,5.000,0.362,0.000,0.000,(11.421 0.009 13.135)
178.6,(3315.119 -0.011 3432.485),(0.656 0.001 0.755),(13.144 0.000 15.116),(-45.561 0.002 -53.190),2591.222,5.000,0.503,0.000,-0.004,(11.924 -0.002 13.704)
178.8,(3317.749 -0.011 3435.510),(0.656 0.001 0.755),(13.152 0.000 15.127),(-45.368 0.002 -52.967),2592.769,5.000,0.508,0.000,-0.004,(12.401 -0.001 14.252)
179,(3320.382 -0.011 3438.538),(0.656 0.001 0.755),(13.175 0.000 15.153),(-45.268 0.002 -52.849),2597.371,5.000,0.509,0.000,-0.004,(12.878 0.000 14.800)
179.2,(3323.018 -0.011 3441.569),(0.656 0.001 0.755),(13.185 0.000 15.166),(-45.260 0.002 -52.838),2599.370,5.000,0.540,0.000,-0.006,(13.354 -0.001 15.347)
179.4,(3325.659 -0.011 3444.608),(0.656 0.001 0.755),(13.221 0.000 15.219),(-45.342 0.002 -52.929),2607.100,5.000,0.632,0.000,-0.012,(13.830 -0.001 15.894)
179.6,(3328.306 -0.011 3447.657),(0.656 0.001 0.755),(13.267 0.000 15.286),(-45.513 0.002 -53.118),2616.884,5.000,0.761,0.000,-0.012,(14.304 -0.001 16.439)
179.8,(3330.969 -0.012 3450.726),(0.656 0.001 0.755),(13.342 0.000 15.377),(-45.751 0.001 -53.384),2582.177,5.000,0.815,0.000,-0.010,(14.562 0.000 16.735)
180,(3333.648 -0.012 3453.813),(0.656 0.002 0.755),(13.439 0.000 15.490),(-46.001 0.002 -53.663),2650.930,5.000,0.820,0.000,-0.008,(14.833 0.000 17.047)
180.2,(3336.346 -0.012 3456.923),(0.656 0.001 0.755),(13.522 0.000 15.583),(-46.258 0.003 -54.043),2665.816,5.000,0.823,0.000,-0.008,(14.766 0.017 17.761)
180.4,(3339.062 -0.012 3460.054),(0.656 0.002 0.755),(13.626 0.000 15.709),(-46.536 0.001 -54.505),2687.954,5.000,0.850,0.000,-0.012,(15.122 -0.003 18.139)
180.6,(3341.797 -0.012 3463.208),(0.655 0.001 0.755),(13.713 0.000 15.822),(-46.861 0.002 -55.023),2705.884,5.000,0.878,0.000,-0.014,(15.453 -0.001 18.538)
180.8,(3344.552 -0.012 3466.389),(0.655 0.002 0.756),(13.830 0.000 15.966),(-47.233 0.002 -55.594),2729.970,5.000,0.900,0.000,-0.014,(15.784 0.000 18.935)
181,(3347.329 -0.012 3469.594),(0.655 0.002 0.756),(13.927 0.000 16.089),(-47.651 0.002 -56.210),2750.114,5.000,0.907,0.000,-0.014,(16.211 -0.011 19.088)
181.2,(3350.128 -0.012 3472.829),(0.655 0.002 0.756),(14.054 0.000 16.240),(-48.155 0.002 -56.818),2775.532,5.000,0.918,0.000,-0.012,(16.713 0.015 19.344)
181.4,(3352.949 -0.012 3476.088),(0.655 0.002 0.756),(14.161 0.000 16.362),(-48.712 0.002 -57.471),2796.713,5.000,0.918,0.000,-0.006,(17.041 -0.005 19.741)
181.6,(3355.796 -0.012 3479.376),(0.655 0.002 0.756),(14.280 0.000 16.484),(-49.310 0.002 -58.174),2767.073,5.000,0.919,0.000,-0.002,(17.376 0.000 20.128)
181.8,(3358.666 -0.012 3482.689),(0.655 0.002 0.756),(14.404 0.000 16.635),(-49.952 0.002 -58.929),2843.909,5.000,0.914,0.000,-0.008,(17.710 -0.001 20.515)
182,(3361.556 -0.012 3486.029),(0.654 0.001 0.756),(14.467 0.000 16.729),(-50.637 0.002 -59.731),2858.780,5.000,0.536,0.000,-0.016,(17.955 -0.001 20.798)
182.2,(3364.444 -0.011 3489.373),(0.654 0.000 0.757),(14.394 0.000 16.683),(-51.293 -0.003 -60.491),2853.004,5.000,0.000,0.000,-0.016,(17.345 0.001 20.092)
182.4,(3367.309 -0.011 3492.696),(0.653 -0.001 0.758),(14.259 0.000 16.567),(-51.748 -0.007 -61.014),2830.722,5.000,0.000,0.000,-0.016,(15.984 0.003 18.516)
182.6,(3370.146 -0.011 3495.996),(0.652 -0.001 0.758),(14.125 0.000 16.452),(-51.961 -0.005 -61.246),2808.035,5.000,0.000,0.000,-0.016,(14.747 0.002 17.082)
182.8,(3372.958 -0.011 3499.274),(0.651 -0.001 0.759),(13.995 0.000 16.339),(-51.958 -0.006 -61.222),2785.262,5.000,0.143,0.000,-0.016,(13.480 0.002 15.613)
183,(3375.753 -0.012 3502.541),(0.650 0.001 0.760),(13.978 0.000 16.359),(-51.715 -0.007 -60.911),2783.467,5.000,0.561,0.000,-0.016,(12.196 0.002 14.124)
183.2,(3378.549 -0.012 3505.816),(0.649 0.001 0.761),(13.986 0.000 16.405),(-51.237 -0.007 -60.320),2787.842,5.000,0.625,0.000,-0.016,(11.045 0.001 12.792)
183.4,(3381.351 -0.012 3509.106),(0.648 0.001 0.761),(14.015 0.000 16.473),(-50.508 -0.008 -59.431),2745.505,5.000,0.698,0.000,-0.016,(9.792 0.001 11.341)
183.6,(3384.160 -0.012 3512.410),(0.648 0.001 0.762),(14.072 0.000 16.569),(-49.522 -0.008 -58.241),2810.747,5.000,0.727,0.000,-0.014,(8.583 -0.005 10.010)
183.8,(3386.981 -0.012 3515.734),(0.647 0.001 0.762),(14.127 0.000 16.647),(-48.283 -0.008 -56.761),2821.715,5.000,0.730,0.000,-0.010,(7.362 0.002 8.590)
184,(3389.816 -0.012 3519.074),(0.647 0.001 0.762),(14.212 0.000 16.738),(-46.780 -0.009 -54.976),2838.989,5.000,0.731,0.000,-0.004,(6.094 0.001 7.123)
184.2,(3392.666 -0.012 3522.429),(0.647 0.001 0.762),(14.274 0.000 16.810),(-45.037 -0.001 -52.987),2851.059,5.000,0.730,0.000,-0.004,(5.102 -0.017 7.068)
184.4,(3395.529 -0.012 3525.802),(0.647 0.002 0.762),(14.353 0.000 16.907),(-43.283 0.000 -50.995),2867.404,5.000,0.731,0.000,-0.006,(6.064 -0.004 6.583)
184.6,(3398.406 -0.012 3529.191),(0.647 0.001 0.762),(14.415 0.000 16.979),(-41.611 -0.001 -48.981),2879.717,5.000,0.729,0.000,-0.006,(5.876 -0.013 7.190)
184.8,(3401.293 -0.012 3532.592),(0.647 0.001 0.762),(14.432 0.000 17.000),(-39.949 -0.001 -47.025),2886.533,5.000,0.089,0.000,-0.006,(6.252 0.006 7.331)
185,(3404.168 -0.011 3535.978),(0.647 -0.001 0.762),(14.320 0.000 16.868),(-38.350 0.000 -45.136),2865.319,5.000,0.000,0.000,-0.006,(6.473 -0.003 7.600)
185.2,(3407.014 -0.010 3539.331),(0.647 -0.002 0.762),(14.136 0.000 16.652),(-36.843 0.002 -43.356),2783.016,5.000,0.000,0.120,-0.006,(6.954 0.000 8.165)
185.4,(3409.798 -0.009 3542.610),(0.647 -0.004 0.762),(13.731 0.001 16.176),(-35.527 0.004 -41.800),2755.437,5.000,0.000,0.242,-0.006,(7.653 -0.001 8.985)
185.6,(3412.483 -0.008 3545.773),(0.647 -0.006 0.762),(13.156 0.001 15.501),(-34.427 0.003 -40.497),2643.792,5.000,0.000,0.310,-0.008,(7.988 0.000 9.379)
185.8,(3415.048 -0.008 3548.796),(0.647 -0.006 0.762),(12.552 0.001 14.795),(-33.496 0.005 -39.394),2524.602,5.000,0.000,0.310,-0.010,(8.466 -0.001 9.940)
186,(3417.490 -0.007 3551.674),(0.647 -0.006 0.762),(11.910 0.001 14.047),(-32.827 0.006 -38.595),2385.223,5.000,0.000,0.364,-0.008,(9.164 -0.001 10.760)
186.2,(3419.794 -0.007 3554.393),(0.647 -0.007 0.762),(11.204 0.001 13.212),(-32.410 0.005 -38.094),2235.016,5.000,0.000,0.392,-0.006,(9.670 0.000 11.353)
186.4,(3421.956 -0.007 3556.942),(0.647 -0.007 0.762),(10.483 0.001 12.361),(-32.236 0.006 -37.878),2079.019,5.000,0.000,0.392,-0.006,(10.150 -0.001 11.917)
186.6,(3423.987 -0.008 3559.337),(0.647 -0.004 0.762),(9.999 0.000 11.788),(-32.287 0.005 -37.927),1951.969,5.000,0.000,0.000,-0.004,(10.624 -0.001 12.473)
186.8,(3425.978 -0.010 3561.683),(0.647 0.000 0.762),(9.906 0.000 11.673),(-32.473 0.003 -38.137),1924.820,5.000,0.000,0.000,-0.002,(11.097 -0.001 13.029)
187,(3427.948 -0.010 3564.006),(0.647 -0.001 0.762),(9.816 0.000 11.567),(-32.774 0.003 -38.481),1885.827,5.000,0.310,0.000,-0.002,(11.570 -0.001 13.584)
187.2,(3429.911 -0.010 3566.319),(0.647 0.001 0.762),(9.829 0.000 11.582),(-33.177 0.003 -38.946),2069.917,5.000,0.576,0.000,-0.002,(12.041 -0.001 14.138)
187.4,(3431.881 -0.010 3568.639),(0.647 0.001 0.762),(9.858 0.000 11.617),(-33.667 0.003 -39.513),2076.117,5.000,0.644,0.000,-0.002,(12.513 -0.001 14.691)
187.6,(3433.859 -0.011 3570.970),(0.647 0.001 0.762),(9.920 0.000 11.688),(-34.244 0.003 -40.182),2104.174,5.000,0.721,0.000,0.000,(12.983 -0.001 15.244)
187.8,(3435.849 -0.010 3573.315),(0.647 0.001 0.762),(9.976 0.000 11.747),(-34.902 0.003 -40.947),2111.196,5.000,0.721,0.000,0.004,(13.453 -0.001 15.795)
188,(3437.852 -0.011 3575.673),(0.647 0.001 0.762),(10.047 0.000 11.830),(-35.641 0.003 -41.808),2123.160,5.000,0.732,0.000,0.004,(13.922 -0.001 16.346)
188.2,(3439.867 -0.011 3578.046),(0.647 0.001 0.762),(10.102 0.000 11.895),(-36.462 0.003 -42.765),2131.096,5.000,0.733,0.000,0.004,(14.391 -0.001 16.896)
188.4,(3441.896 -0.011 3580.434),(0.647 0.001 0.762),(10.175 0.000 11.980),(-37.314 0.000 -43.760),2141.534,5.000,0.734,0.000,0.004,(14.430 0.000 16.942)
188.6,(3443.936 -0.011 3582.836),(0.647 0.001 0.762),(10.231 0.000 12.046),(-38.217 0.004 -44.812),2149.726,5.000,0.735,0.000,0.004,(14.903 -0.001 17.497)
188.8,(3445.990 -0.011 3585.255),(0.647 0.001 0.762),(10.291 0.000 12.116),(-39.180 0.003 -45.937),2113.285,5.000,0.737,0.000,0.004,(15.242 0.000 17.896)
189,(3448.055 -0.011 3587.687),(0.647 0.001 0.762),(10.360 0.000 12.199),(-40.200 0.003 -47.127),2168.689,5.000,0.737,0.000,0.004,(15.578 -0.001 18.290)
189.2,(3450.134 -0.011 3590.135),(0.647 0.001 0.762),(10.417 0.000 12.265),(-41.274 0.003 -48.380),2174.666,5.000,0.738,0.000,0.004,(15.914 -0.001 18.684)
189.4,(3452.226 -0.011 3592.597),(0.647 0.001 0.762),(10.491 0.000 12.353),(-42.402 0.003 -49.698),2187.767,5.000,0.738,0.000,0.004,(16.248 -0.001 19.077)
189.6,(3454.331 -0.011 3595.075),(0.647 0.001 0.762),(10.548 0.000 12.420),(-43.583 0.004 -51.078),2196.258,5.000,0.742,0.000,0.004,(16.582 -0.001 19.469)
189.8,(3456.449 -0.011 3597.569),(0.647 0.001 0.762),(10.626 0.000 12.508),(-44.818 0.003 -52.521),2207.772,5.000,0.744,0.000,0.006,(16.915 -0.001 19.860)
190,(3458.580 -0.011 3600.078),(0.647 0.001 0.762),(10.684 0.000 12.576),(-46.107 0.004 -54.028),2216.258,5.000,0.744,0.000,0.006,(17.248 -0.001 20.250)
190.2,(3460.725 -0.011 3602.603),(0.647 0.001 0.762),(10.760 0.000 12.666),(-47.458 0.004 -55.564),2227.571,5.000,0.744,0.000,0.006,(17.730 0.003 20.365)
190.4,(3462.882 -0.011 3605.142),(0.647 0.001 0.762),(10.819 0.000 12.735),(-48.881 0.004 -57.142),2236.329,5.000,0.744,0.000,0.006,(18.046 -0.001 20.766)
190.6,(3465.054 -0.011 3607.699),(0.647 0.001 0.762),(10.882 0.000 12.809),(-50.355 0.004 -58.781),2199.796,5.000,0.745,0.000,0.006,(18.381 -0.001 21.150)
190.8,(3467.238 -0.011 3610.270),(0.647 0.001 0.762),(10.955 0.000 12.895),(-51.884 0.004 -60.482),2256.930,5.000,0.748,0.000,0.006,(18.714 0.000 21.533)
191,(3469.437 -0.011 3612.857),(0.647 0.001 0.762),(11.015 0.000 12.966),(-53.465 0.004 -62.243),2265.333,5.000,0.749,0.000,0.006,(19.046 -0.001 21.915)
191.2,(3471.649 -0.011 3615.461),(0.647 0.001 0.762),(11.095 0.000 13.056),(-55.098 0.004 -64.065),2277.799,5.000,0.750,0.000,0.010,(19.377 -0.001 22.296)
191.4,(3473.875 -0.011 3618.080),(0.647 0.001 0.762),(11.160 0.000 13.124),(-56.784 0.005 -65.947),2286.889,5.000,0.751,0.000,0.012,(19.708 -0.001 22.677)
191.6,(3476.116 -0.011 3620.715),(0.648 0.001 0.762),(11.242 0.000 13.215),(-58.521 0.005 -67.889),2299.004,5.000,0.752,0.000,0.012,(20.037 -0.001 23.056)
191.8,(3478.371 -0.011 3623.365),(0.648 0.001 0.762),(11.308 0.000 13.282),(-60.272 0.002 -69.849),2308.282,5.000,0.752,0.000,0.014,(20.039 0.000 23.058)
192,(3480.642 -0.011 3626.031),(0.648 0.001 0.762),(11.393 0.000 13.372),(-62.046 0.005 -71.837),2320.449,5.000,0.753,0.000,0.014,(20.366 -0.001 23.434)
192.2,(3482.927 -0.011 3628.712),(0.649 0.001 0.761),(11.462 0.000 13.439),(-63.858 0.004 -73.871),2330.528,5.000,0.763,0.000,0.014,(20.585 0.000 23.686)
192.4,(3485.229 -0.011 3631.410),(0.649 0.001 0.761),(11.536 0.000 13.516),(-65.697 0.004 -75.938),2294.963,5.000,0.775,0.000,0.014,(20.805 -0.001 23.939)
192.6,(3487.545 -0.011 3634.123),(0.649 0.001 0.761),(11.623 0.000 13.610),(-67.566 0.004 -78.041),2355.134,5.000,0.795,0.000,0.012,(21.024 0.000 24.191)
192.8,(3489.879 -0.011 3636.855),(0.649 0.001 0.761),(11.700 0.000 13.697),(-69.461 0.005 -80.174),2369.694,5.000,0.860,0.000,0.012,(21.242 -0.001 24.442)
193,(3492.233 -0.011 3639.611),(0.649 0.002 0.761),(11.829 0.000 13.846),(-71.379 0.004 -82.335),2393.322,5.000,1.000,0.000,0.012,(21.460 -0.001 24.693)
193.2,(3494.611 -0.011 3642.395),(0.649 0.001 0.761),(11.944 0.000 13.983),(-73.317 0.005 -84.516),2409.750,5.000,1.000,0.000,0.010,(21.677 -0.001 24.942)
193.4,(3497.016 -0.012 3645.210),(0.649 0.002 0.761),(12.086 0.000 14.148),(-75.271 0.004 -86.717),2430.325,5.000,1.000,0.000,0.010,(21.893 -0.001 25.191)
193.6,(3499.445 -0.011 3648.053),(0.649 0.002 0.761),(12.206 0.000 14.283),(-77.245 0.005 -88.940),2447.394,5.000,1.000,0.000,0.012,(22.109 -0.001 25.440)
193.8,(3501.902 -0.012 3650.928),(0.649 0.002 0.761),(12.349 0.000 14.450),(-79.233 0.005 -91.179),2467.153,5.000,1.000,0.000,0.012,(22.324 -0.001 25.687)
194,(3504.383 -0.012 3653.831),(0.649 0.002 0.760),(12.469 0.000 14.587),(-81.238 0.004 -93.438),2483.462,5.000,1.000,0.000,0.014,(22.470 0.000 25.856)
194.2,(3506.892 -0.012 3656.766),(0.650 0.002 0.760),(12.595 0.000 14.727),(-83.210 0.004 -95.659),2455.799,5.000,1.000,0.000,0.016,(22.490 0.000 25.878)
194.4,(3509.427 -0.012 3659.729),(0.650 0.002 0.760),(12.741 0.000 14.885),(-85.197 0.005 -97.900),2531.704,5.000,1.000,0.000,0.016,(22.704 -0.001 26.124)
194.6,(3511.990 -0.012 3662.722),(0.650 0.002 0.760),(12.866 0.000 15.021),(-87.191 0.004 -100.150),2554.156,5.000,1.000,0.000,0.016,(22.853 0.000 26.296)
194.8,(3514.580 -0.012 3665.745),(0.650 0.002 0.760),(13.016 0.000 15.186),(-89.197 0.005 -102.414),2584.367,5.000,1.000,0.000,0.016,(23.065 -0.001 26.540)
195,(3517.197 -0.012 3668.798),(0.651 0.002 0.759),(13.143 0.000 15.322),(-91.210 0.004 -104.690),2608.118,5.000,1.000,0.000,0.016,(23.130 0.000 26.615)
195.2,(3519.842 -0.012 3671.881),(0.651 0.002 0.759),(13.295 0.000 15.490),(-93.155 0.004 -106.887),2637.592,5.000,1.000,0.000,0.016,(23.023 0.000 26.491)
195.4,(3522.514 -0.012 3674.993),(0.651 0.002 0.759),(13.424 0.000 15.627),(-95.122 0.006 -109.054),2661.868,5.000,1.000,0.000,0.016,(23.512 -0.012 26.188)
195.6,(3525.216 -0.012 3678.137),(0.651 0.002 0.759),(13.577 0.000 15.797),(-97.150 0.004 -111.170),2691.384,5.000,1.000,0.000,0.016,(23.739 0.006 26.408)
195.8,(3527.944 -0.012 3681.310),(0.652 0.002 0.758),(13.707 0.000 15.935),(-99.194 0.005 -113.304),2716.070,5.000,1.000,0.000,0.016,(23.954 -0.004 26.649)
196,(3530.701 -0.012 3684.516),(0.652 0.002 0.758),(13.840 0.000 16.081),(-101.153 -0.003 -115.347),2690.827,5.000,1.000,0.000,0.016,(23.046 0.004 25.639)
196.2,(3533.486 -0.012 3687.750),(0.652 0.002 0.758),(13.994 0.000 16.246),(-102.936 0.004 -117.194),2770.728,5.000,1.000,0.000,0.016,(22.871 0.000 25.444)
196.4,(3536.300 -0.012 3691.016),(0.653 0.002 0.758),(14.125 0.000 16.387),(-104.599 -0.004 -118.909),2794.237,5.000,1.000,0.000,0.016,(21.798 0.003 24.250)
196.6,(3539.143 -0.012 3694.313),(0.653 0.002 0.758),(14.284 0.000 16.559),(-105.948 -0.005 -120.287),2825.849,5.000,1.000,0.000,0.016,(20.290 -0.009 23.040)
196.8,(3542.014 -0.012 3697.640),(0.653 0.002 0.757),(14.418 0.000 16.700),(-107.110 0.003 -121.587),2850.664,5.000,1.000,0.000,0.016,(20.074 -0.001 22.727)
197,(3544.915 -0.012 3701.000),(0.653 0.002 0.757),(14.578 0.000 16.874),(-108.083 -0.008 -122.594),2881.446,5.000,1.000,0.000,0.016,(18.758 0.004 21.070)
197.2,(3547.845 -0.012 3704.389),(0.654 0.002 0.757),(14.713 0.000 17.016),(-108.778 -0.005 -123.266),2906.761,5.000,1.000,0.000,0.016,(17.539 0.003 19.648)
197.4,(3550.805 -0.013 3707.812),(0.654 0.002 0.757),(14.874 0.000 17.192),(-109.179 -0.007 -123.612),2937.526,5.000,1.000,0.000,0.016,(16.212 0.003 18.188)
197.6,(3553.793 -0.012 3711.264),(0.654 0.002 0.756),(15.011 0.000 17.334),(-109.295 -0.006 -123.644),2963.219,5.000,1.000,0.000,0.016,(15.006 0.002 16.859)
197.8,(3556.812 -0.013 3714.750),(0.654 0.002 0.756),(15.150 0.000 17.485),(-109.131 -0.008 -123.369),2936.139,5.000,1.000,0.000,0.016,(13.684 0.002 15.405)
198,(3559.860 -0.013 3718.265),(0.655 0.002 0.756),(15.312 0.000 17.655),(-108.672 -0.008 -122.771),3020.038,5.000,1.000,0.000,0.016,(12.351 0.002 13.939)
198.2,(3562.938 -0.013 3721.814),(0.655 0.002 0.755),(15.450 0.000 17.801),(-107.940 -0.008 -121.864),3044.418,5.000,1.000,0.000,0.016,(11.188 0.005 12.551)
198.4,(3566.047 -0.013 3725.394),(0.655 0.002 0.755),(15.616 0.000 17.977),(-106.933 -0.009 -120.637),3077.227,5.000,1.000,0.000,0.016,(9.938 0.001 11.098)
198.6,(3569.185 -0.013 3729.006),(0.656 0.002 0.755),(15.756 -0.001 18.122),(-105.648 -0.008 -119.090),3102.923,5.000,1.000,0.000,0.016,(8.787 -0.005 9.720)
198.8,(3572.355 -0.013 3732.650),(0.656 0.002 0.755),(15.923 0.000 18.301),(-104.097 -0.010 -117.236),3134.799,5.000,1.000,0.000,0.016,(7.544 0.002 8.321)
199,(3575.554 -0.013 3736.325),(0.656 0.002 0.754),(16.065 0.000 18.446),(-102.262 -0.010 -115.064),3160.955,5.000,1.000,0.000,0.016,(6.248 0.001 6.879)
199.2,(3578.785 -0.013 3740.035),(0.657 0.002 0.754),(16.232 0.000 18.627),(-100.225 -0.003 -112.637),3192.755,5.000,1.000,0.000,0.016,(6.024 0.006 6.348)
199.4,(3582.045 -0.013 3743.774),(0.657 0.002 0.754),(16.376 0.000 18.772),(-98.193 -0.002 -110.202),3219.249,5.000,1.000,0.000,0.016,(6.243 0.003 6.642)
199.6,(3585.339 -0.013 3747.548),(0.657 0.002 0.754),(16.520 0.000 18.926),(-96.174 -0.003 -107.785),3189.943,5.000,1.000,0.000,0.014,(6.486 -0.002 6.898)
199.8,(3588.660 -0.013 3751.352),(0.657 0.002 0.754),(16.682 0.000 19.105),(-94.176 -0.002 -105.388),3277.802,5.000,1.000,0.000,0.012,(6.726 0.001 7.153)
200,(3592.013 -0.013 3755.192),(0.658 0.002 0.753),(16.818 0.000 19.259),(-92.198 -0.002 -103.010),3302.841,5.000,1.000,0.000,0.014,(7.037 0.000 7.485)
200.2,(3595.396 -0.013 3759.063),(0.658 0.003 0.753),(16.991 0.000 19.440),(-90.277 0.001 -100.723),3336.616,5.000,1.000,0.000,0.016,(7.572 0.005 8.303)
200.4,(3598.809 -0.013 3762.968),(0.658 0.002 0.753),(17.136 -0.001 19.587),(-88.458 0.000 -98.569),3362.972,5.000,1.000,0.000,0.016,(8.298 -0.002 9.124)
200.6,(3602.256 -0.014 3766.905),(0.658 0.003 0.753),(17.309 0.000 19.769),(-86.667 -0.004 -96.454),3395.708,5.000,1.000,0.000,0.017,(8.390 0.000 9.230)
200.8,(3605.737 -0.014 3770.879),(0.659 0.003 0.752),(17.486 0.000 19.949),(-84.951 0.001 -94.422),3428.154,5.000,1.000,0.000,0.019,(9.146 -0.001 10.062)
201,(3609.253 -0.014 3774.888),(0.659 0.003 0.752),(17.669 0.000 20.124),(-83.335 -0.001 -92.504),3460.840,5.000,1.000,0.000,0.019,(9.762 0.000 10.739)
201.2,(3612.806 -0.014 3778.933),(0.660 0.003 0.751),(17.852 0.000 20.300),(-81.791 -0.001 -90.669),3493.556,5.000,1.000,0.000,0.019,(10.273 -0.001 11.301)
201.4,(3616.397 -0.014 3783.012),(0.661 0.003 0.751),(18.037 0.000 20.475),(-80.310 -0.001 -88.910),3526.361,5.000,1.000,0.000,0.019,(10.765 -0.001 11.842)
201.6,(3620.025 -0.014 3787.127),(0.661 0.003 0.750),(18.222 0.000 20.651),(-78.889 -0.001 -87.223),3559.234,5.000,1.000,0.000,0.019,(11.256 -0.001 12.383)
201.8,(3623.689 -0.014 3791.277),(0.662 0.003 0.750),(18.408 0.000 20.826),(-77.530 -0.001 -85.609),3592.178,5.000,1.000,0.000,0.019,(11.747 -0.001 12.923)
202,(3627.391 -0.014 3795.461),(0.663 0.003 0.749),(18.595 0.000 21.002),(-76.230 -0.001 -84.068),3625.188,5.000,1.000,0.000,0.019,(12.237 -0.001 13.461)
202.2,(3631.130 -0.014 3799.681),(0.663 0.003 0.748),(18.783 0.000 21.177),(-74.992 -0.001 -82.600),3658.255,5.000,1.000,0.000,0.019,(12.726 -0.001 14.000)
202.4,(3634.900 -0.013 3803.927),(0.664 0.001 0.747),(18.868 -0.001 21.212),(-73.823 0.000 -81.213),3674.834,5.000,0.032,0.000,0.021,(13.215 -0.001 14.537)
202.6,(3638.663 -0.012 3808.148),(0.666 -0.001 0.746),(18.783 0.001 21.014),(-72.758 0.001 -79.958),3649.657,5.000,0.000,0.000,0.021,(13.703 -0.001 15.074)
202.8,(3642.409 -0.013 3812.330),(0.668 0.000 0.744),(18.697 0.000 20.816),(-71.805 0.001 -78.850),3623.181,5.000,0.000,0.000,0.021,(14.190 -0.001 15.610)
203,(3646.138 -0.013 3816.473),(0.670 0.000 0.743),(18.611 0.000 20.620),(-70.967 0.001 -77.889),3596.793,5.000,0.000,0.000,0.021,(14.676 -0.001 16.145)
203.2,(3649.850 -0.012 3820.576),(0.671 0.000 0.741),(18.516 0.001 20.433),(-70.236 0.000 -77.054),3570.617,5.000,0.000,0.000,0.016,(15.084 -0.011 16.253)
203.4,(3653.539 -0.012 3824.644),(0.672 -0.001 0.741),(18.387 0.001 20.258),(-69.595 0.001 -76.238),3543.029,5.000,0.000,0.012,0.004,(15.463 0.012 16.446)
203.6,(3657.197 -0.012 3828.675),(0.672 -0.001 0.741),(18.198 0.000 20.060),(-69.080 0.002 -75.551),3508.494,5.000,0.000,0.040,0.000,(15.882 -0.005 16.894)
203.8,(3660.812 -0.012 3832.661),(0.672 -0.001 0.741),(17.972 0.001 19.816),(-68.680 0.002 -74.984),3466.568,5.000,0.000,0.080,0.002,(16.236 0.001 17.271)
204,(3664.379 -0.011 3836.593),(0.672 -0.002 0.741),(17.730 0.000 19.536),(-68.399 0.002 -74.548),3418.809,5.000,0.000,0.066,0.006,(16.591 -0.001 17.648)
204.2,(3667.906 -0.012 3840.478),(0.672 0.000 0.740),(17.577 0.000 19.350),(-68.229 0.002 -74.234),3385.517,5.000,0.000,0.000,0.010,(16.945 -0.001 18.025)
204.4,(3671.408 -0.012 3844.332),(0.673 0.000 0.740),(17.457 0.000 19.198),(-68.155 0.002 -74.027),3359.941,5.000,0.000,0.000,0.010,(17.298 -0.001 18.401)
204.6,(3674.887 -0.012 3848.155),(0.673 0.000 0.740),(17.353 0.000 19.053),(-68.175 0.002 -73.925),3336.240,5.000,0.165,0.000,0.014,(17.651 -0.001 18.775)
204.8,(3678.354 -0.012 3851.958),(0.674 0.001 0.739),(17.333 0.001 19.007),(-68.276 0.002 -73.917),3328.205,5.000,0.457,0.000,0.004,(17.984 -0.001 19.130)
205,(3681.819 -0.013 3855.759),(0.674 0.001 0.739),(17.330 0.000 19.017),(-68.342 -0.006 -73.873),3328.104,5.000,0.550,0.000,0.002,(17.176 0.002 18.270)
205.2,(3685.289 -0.013 3859.567),(0.674 0.001 0.739),(17.356 0.000 19.045),(-68.248 0.000 -73.657),3327.009,5.000,0.606,0.000,0.002,(16.826 0.001 17.898)
205.4,(3688.767 -0.013 3863.383),(0.674 0.001 0.739),(17.415 0.000 19.107),(-68.007 -0.008 -73.284),3343.489,5.000,0.655,0.000,0.004,(15.614 0.002 16.609)
205.6,(3692.257 -0.013 3867.211),(0.674 0.001 0.739),(17.471 0.000 19.165),(-67.484 -0.007 -72.623),3353.076,5.000,0.698,0.000,0.004,(14.293 -0.010 15.623)
205.8,(3695.760 -0.013 3871.053),(0.674 0.002 0.739),(17.549 0.000 19.251),(-66.840 -0.003 -71.898),3368.460,5.000,0.698,0.000,0.004,(13.959 0.010 15.284)
206,(3699.275 -0.013 3874.911),(0.674 0.001 0.739),(17.604 0.000 19.316),(-65.973 -0.010 -70.940),3379.390,5.000,0.697,0.000,0.002,(12.646 -0.001 13.841)
206.2,(3702.805 -0.013 3878.783),(0.674 0.002 0.739),(17.682 0.000 19.402),(-64.952 0.001 -69.773),3394.533,5.000,0.699,0.000,0.002,(12.741 0.009 13.546)
206.4,(3706.346 -0.013 3882.670),(0.674 0.001 0.739),(17.740 0.000 19.466),(-63.990 -0.001 -68.634),3405.692,5.000,0.700,0.000,0.002,(12.967 -0.002 13.813)
206.6,(3709.903 -0.013 3886.573),(0.674 0.002 0.739),(17.820 0.000 19.554),(-62.955 -0.008 -67.417),3420.895,5.000,0.704,0.000,0.002,(12.129 0.001 12.920)
206.8,(3713.476 -0.013 3890.493),(0.674 0.002 0.739),(17.901 0.000 19.642),(-61.668 -0.009 -65.931),3436.372,5.000,0.706,0.000,0.002,(10.832 0.002 11.538)
207,(3717.065 -0.013 3894.431),(0.674 0.002 0.739),(17.985 0.000 19.728),(-60.100 -0.010 -64.145),3451.955,5.000,0.707,0.000,0.008,(9.481 0.001 10.098)
207.2,(3720.672 -0.013 3898.386),(0.674 0.002 0.739),(18.078 0.000 19.806),(-58.255 -0.009 -62.068),3467.552,5.000,0.707,0.000,0.016,(8.240 0.001 8.777)
207.4,(3724.299 -0.013 3902.355),(0.675 0.002 0.738),(18.182 0.000 19.875),(-56.135 -0.010 -59.703),3483.201,5.000,0.708,0.000,0.017,(6.928 0.001 7.378)
207.6,(3727.945 -0.013 3906.336),(0.676 0.001 0.737),(18.259 0.000 19.909),(-53.734 -0.010 -57.048),3496.965,5.000,0.102,0.000,0.016,(5.683 0.001 6.052)
207.8,(3731.584 -0.012 3910.300),(0.677 -0.001 0.736),(18.157 0.000 19.740),(-51.089 -0.009 -54.144),3472.812,5.000,0.000,0.000,0.016,(4.429 0.001 4.717)
208,(3735.204 -0.012 3914.229),(0.678 0.000 0.735),(18.046 0.000 19.564),(-48.221 -0.009 -51.014),3447.486,5.000,0.000,0.040,0.014,(3.218 0.000 3.427)
208.2,(3738.788 -0.011 3918.112),(0.679 -0.002 0.735),(17.808 0.001 19.267),(-45.229 -0.002 -47.764),3400.481,5.000,0.000,0.094,0.012,(2.920 0.000 3.110)
208.4,(3742.314 -0.011 3921.924),(0.679 -0.003 0.734),(17.452 0.001 18.849),(-42.289 -0.001 -44.576),3333.835,5.000,0.000,0.215,0.012,(2.944 0.000 3.135)
208.6,(3745.738 -0.009 3925.618),(0.680 -0.007 0.733),(16.792 0.001 18.106),(-39.458 0.001 -41.512),3210.252,5.000,0.000,0.486,0.012,(2.973 0.000 3.166)
208.8,(3748.986 -0.006 3929.119),(0.680 -0.010 0.733),(15.762 0.002 16.969),(-36.807 0.003 -38.648),3014.544,5.000,0.000,0.674,0.012,(3.002 0.000 3.197)
209,(3751.995 -0.005 3932.356),(0.681 -0.013 0.732),(14.446 0.002 15.523),(-34.402 0.005 -36.053),2675.237,5.000,0.000,0.787,0.012,(3.031 0.000 3.228)
209.2,(3754.727 -0.004 3935.289),(0.682 -0.014 0.731),(13.012 0.002 13.947),(-32.280 0.005 -33.770),2376.836,5.000,0.000,0.800,0.012,(3.060 0.000 3.258)
209.4,(3757.171 -0.004 3937.906),(0.683 -0.014 0.730),(11.576 0.002 12.373),(-30.451 0.006 -31.808),2090.979,5.000,0.000,0.800,0.012,(3.087 0.000 3.288)
209.6,(3759.330 -0.003 3940.210),(0.684 -0.014 0.729),(10.171 0.002 10.840),(-28.912 0.006 -30.164),1820.290,5.000,0.000,0.731,0.014,(3.115 0.000 3.317)
209.8,(3761.227 -0.004 3942.229),(0.685 -0.011 0.728),(8.967 0.001 9.526),(-27.641 0.005 -28.811),1644.393,5.000,0.000,0.606,0.014,(3.142 0.000 3.345)
210,(3762.899 -0.004 3944.005),(0.685 -0.010 0.728),(7.865 0.001 8.349),(-26.602 0.005 -27.704),1417.750,5.000,0.000,0.606,0.014,(3.256 -0.007 3.270)
210.2,(3764.361 -0.005 3945.557),(0.685 -0.008 0.728),(6.958 0.001 7.377),(-25.784 0.004 -26.819),1182.103,5.000,0.000,0.175,0.014,(3.210 0.007 3.362)
210.4,(3765.735 -0.010 3947.013),(0.686 0.001 0.728),(6.823 0.000 7.230),(-25.055 -0.001 -26.038),1102.434,5.000,0.000,0.000,0.014,(3.240 -0.002 3.385)
210.6,(3767.091 -0.009 3948.450),(0.686 -0.001 0.728),(6.752 0.000 7.149),(-24.350 0.000 -25.281),1102.138,5.000,0.000,0.000,0.014,(3.265 0.000 3.412)
210.8,(3768.434 -0.009 3949.872),(0.686 -0.001 0.727),(6.685 0.000 7.071),(-23.662 0.000 -24.545),1124.848,5.000,0.091,0.000,0.016,(3.290 0.000 3.438)
211,(3769.765 -0.009 3951.279),(0.687 0.000 0.727),(6.632 0.000 7.004),(-22.992 0.000 -23.828),1287.626,5.000,0.116,0.000,0.017,(3.314 0.000 3.463)
211.2,(3771.086 -0.009 3952.673),(0.687 0.000 0.726),(6.587 0.000 6.945),(-22.336 0.000 -23.129),1305.959,5.000,0.116,0.000,0.017,(3.338 0.000 3.488)
211.4,(3772.399 -0.009 3954.057),(0.688 0.000 0.726),(6.549 0.000 6.895),(-21.693 0.000 -22.446),1378.359,5.000,0.237,0.000,0.017,(3.361 0.000 3.513)
211.6,(3773.705 -0.009 3955.431),(0.689 0.000 0.725),(6.522 0.000 6.856),(-21.062 0.000 -21.777),1444.925,5.000,0.356,0.000,0.017,(3.384 0.000 3.537)
211.8,(3775.009 -0.009 3956.802),(0.689 0.000 0.725),(6.521 0.000 6.844),(-20.438 0.000 -21.116),1509.975,5.000,0.407,0.000,0.017,(3.407 0.000 3.560)
212,(3776.312 -0.009 3958.169),(0.690 0.000 0.724),(6.521 0.000 6.834),(-19.818 0.000 -20.463),1522.957,5.000,0.423,0.000,0.017,(3.429 0.000 3.583)
212.2,(3777.616 -0.009 3959.536),(0.690 0.000 0.724),(6.522 0.000 6.825),(-19.202 0.000 -19.815),1441.917,5.000,0.116,0.000,0.016,(3.451 0.000 3.606)
212.4,(3778.917 -0.009 3960.896),(0.691 0.000 0.723),(6.478 0.000 6.772),(-18.603 0.001 -19.188),1149.372,5.000,0.103,0.000,0.016,(3.595 0.000 3.757)
212.6,(3780.206 -0.009 3962.243),(0.691 0.000 0.723),(6.424 0.000 6.707),(-18.057 0.001 -18.618),1101.030,5.000,0.000,0.000,0.016,(3.815 0.000 3.987)
212.8,(3781.484 -0.009 3963.577),(0.691 -0.001 0.722),(6.364 0.000 6.636),(-17.566 0.001 -18.107),1100.878,5.000,0.000,0.000,0.016,(4.038 0.000 4.219)
213,(3782.750 -0.009 3964.897),(0.692 0.000 0.722),(6.305 0.000 6.569),(-17.132 0.001 -17.656),1100.739,5.000,0.000,0.000,0.014,(4.265 0.000 4.457)
213.2,(3784.005 -0.009 3966.204),(0.692 0.000 0.722),(6.245 0.000 6.503),(-16.756 0.001 -17.268),1100.610,5.000,0.000,0.000,0.012,(4.497 0.000 4.699)
213.4,(3785.248 -0.009 3967.498),(0.692 0.000 0.722),(6.184 0.000 6.442),(-16.438 0.001 -16.941),1100.491,5.000,0.000,0.000,0.006,(4.733 0.000 4.946)
213.6,(3786.478 -0.009 3968.780),(0.692 0.000 0.722),(6.123 0.000 6.382),(-16.181 0.001 -16.676),1100.381,5.000,0.000,0.000,0.006,(4.973 0.000 5.197)
213.8,(3787.697 -0.009 3970.049),(0.692 0.000 0.722),(6.065 0.000 6.321),(-15.983 0.001 -16.473),1109.683,5.000,0.125,0.000,0.006,(5.217 0.000 5.452)
214,(3788.904 -0.009 3971.308),(0.692 0.000 0.722),(6.019 0.000 6.272),(-15.846 0.001 -16.334),1306.224,5.000,0.321,0.000,0.008,(5.463 0.000 5.709)
214.2,(3790.105 -0.009 3972.559),(0.692 0.000 0.722),(6.000 0.000 6.249),(-15.765 0.001 -16.252),1406.204,5.000,0.327,0.000,0.010,(5.711 0.000 5.968)
214.4,(3791.303 -0.009 3973.807),(0.692 0.000 0.722),(5.983 0.000 6.231),(-15.737 0.001 -16.227),1400.737,5.000,0.333,0.000,0.010,(5.960 0.000 6.229)
214.6,(3792.499 -0.009 3975.052),(0.692 0.000 0.722),(5.971 0.000 6.221),(-15.761 0.001 -16.256),1417.781,5.000,0.333,0.000,0.006,(6.210 0.000 6.489)
214.8,(3793.691 -0.009 3976.295),(0.692 0.000 0.722),(5.954 0.000 6.207),(-15.838 0.001 -16.340),1418.310,5.000,0.380,0.000,0.004,(6.457 0.000 6.748)
215,(3794.883 -0.009 3977.536),(0.692 0.000 0.722),(5.951 0.000 6.208),(-15.965 0.001 -16.476),1459.766,5.000,0.427,0.000,0.000,(6.700 0.000 7.002)
215.2,(3796.073 -0.009 3978.777),(0.692 0.000 0.722),(5.955 0.000 6.212),(-16.142 0.001 -16.663),1516.505,5.000,0.576,0.000,0.002,(6.940 0.000 7.252)
215.4,(3797.267 -0.010 3980.023),(0.692 0.001 0.722),(5.991 0.000 6.246),(-16.398 0.003 -16.933),1549.556,5.000,0.617,0.000,0.004,(7.550 -0.001 7.890)
215.6,(3798.469 -0.010 3981.275),(0.692 0.001 0.722),(6.032 0.000 6.288),(-16.789 0.004 -17.346),1609.028,5.000,0.782,0.000,0.004,(8.302 -0.001 8.675)
215.8,(3799.683 -0.010 3982.541),(0.692 0.001 0.722),(6.097 0.000 6.357),(-17.272 0.000 -17.853),1626.365,5.000,0.875,0.000,0.002,(8.497 0.000 8.879)
216,(3800.913 -0.010 3983.824),(0.692 0.001 0.722),(6.192 0.000 6.460),(-17.809 0.004 -18.417),1677.019,5.000,0.945,0.000,0.000,(9.172 -0.001 9.585)
216.2,(3802.162 -0.010 3985.127),(0.692 0.001 0.722),(6.286 0.000 6.558),(-18.476 0.004 -19.116),1699.203,5.000,1.000,0.000,0.000,(9.872 -0.001 10.316)
216.4,(3803.433 -0.010 3986.452),(0.692 0.001 0.722),(6.409 0.000 6.684),(-19.238 0.002 -19.915),1715.489,5.000,1.000,0.000,0.004,(10.408 0.000 10.877)
216.6,(3804.725 -0.010 3987.800),(0.692 0.001 0.722),(6.511 0.000 6.788),(-20.083 0.003 -20.800),1722.632,5.000,1.000,0.000,0.004,(10.914 -0.001 11.405)
216.8,(3806.040 -0.010 3989.171),(0.692 0.001 0.722),(6.634 0.000 6.916),(-21.006 0.003 -21.768),1734.398,5.000,1.000,0.000,0.004,(11.419 -0.001 11.933)
217,(3807.377 -0.010 3990.565),(0.692 0.001 0.722),(6.735 0.000 7.022),(-22.009 0.003 -22.819),1742.827,5.000,1.000,0.000,0.004,(11.923 -0.001 12.460)
217.2,(3808.738 -0.010 3991.984),(0.692 0.001 0.722),(6.857 0.000 7.153),(-23.087 0.003 -23.950),1753.855,5.000,1.000,0.000,0.000,(12.427 -0.001 12.986)
217.4,(3810.119 -0.010 3993.424),(0.692 0.001 0.722),(6.959 0.000 7.260),(-24.248 0.003 -25.165),1762.800,5.000,1.000,0.000,0.000,(12.930 -0.001 13.512)
217.6,(3811.523 -0.010 3994.890),(0.692 0.001 0.722),(7.063 0.000 7.369),(-25.484 0.003 -26.459),1752.877,5.000,1.000,0.000,0.000,(13.433 -0.001 14.037)
217.8,(3812.950 -0.010 3996.378),(0.692 0.001 0.722),(7.187 0.000 7.498),(-26.799 0.003 -27.837),1783.151,5.000,1.000,0.000,0.000,(13.934 -0.001 14.561)
218,(3814.400 -0.010 3997.890),(0.692 0.001 0.722),(7.290 0.000 7.606),(-28.192 0.004 -29.294),1788.304,5.000,1.000,0.000,-0.002,(14.435 -0.001 15.085)
218.2,(3815.871 -0.010 3999.426),(0.692 0.001 0.722),(7.414 0.000 7.740),(-29.663 0.004 -30.833),1804.041,5.000,1.000,0.000,-0.004,(14.935 -0.001 15.607)
218.4,(3817.365 -0.010 4000.986),(0.692 0.001 0.722),(7.519 0.000 7.849),(-31.209 0.004 -32.451),1812.822,5.000,1.000,0.000,-0.004,(15.377 -0.001 16.068)
218.6,(3818.883 -0.010 4002.570),(0.692 0.001 0.722),(7.646 0.000 7.982),(-32.766 0.001 -34.078),1825.537,5.000,1.000,0.000,-0.004,(15.482 0.000 16.179)
218.8,(3820.422 -0.010 4004.177),(0.692 0.001 0.722),(7.751 0.000 8.091),(-34.379 0.004 -35.766),1835.320,5.000,1.000,0.000,-0.004,(15.955 -0.001 16.673)
219,(3821.986 -0.010 4005.811),(0.692 0.001 0.722),(7.880 0.000 8.225),(-36.046 0.003 -37.508),1847.663,5.000,1.000,0.000,-0.002,(16.314 0.000 17.048)
219.2,(3823.572 -0.010 4007.465),(0.692 0.001 0.722),(7.988 0.000 8.333),(-37.762 0.004 -39.305),1857.901,5.000,1.000,0.000,0.000,(16.672 -0.001 17.423)
219.4,(3825.183 -0.010 4009.146),(0.692 0.001 0.722),(8.096 0.000 8.446),(-39.525 0.004 -41.150),1851.278,5.000,1.000,0.000,0.000,(17.030 -0.001 17.796)
219.6,(3826.816 -0.010 4010.850),(0.692 0.001 0.722),(8.224 0.000 8.580),(-41.337 0.004 -43.046),1881.001,5.000,1.000,0.000,0.000,(17.387 -0.001 18.169)
219.8,(3828.474 -0.010 4012.579),(0.692 0.001 0.722),(8.331 0.000 8.692),(-43.196 0.004 -44.992),1888.758,5.000,1.000,0.000,0.000,(17.742 -0.001 18.541)
220,(3830.155 -0.010 4014.332),(0.692 0.002 0.722),(8.462 0.000 8.828),(-45.103 0.004 -46.988),1904.736,5.000,1.000,0.000,0.000,(18.098 -0.001 18.912)
220.2,(3831.859 -0.010 4016.109),(0.692 0.001 0.722),(8.570 0.000 8.941),(-47.056 0.004 -49.032),1915.231,5.000,1.000,0.000,0.002,(18.412 -0.001 19.240)
220.4,(3833.588 -0.011 4017.912),(0.692 0.002 0.722),(8.707 0.000 9.074),(-49.085 0.005 -51.053),1929.146,5.000,1.000,0.000,0.008,(19.071 0.012 19.168)
220.6,(3835.340 -0.010 4019.738),(0.692 0.001 0.722),(8.817 0.000 9.187),(-51.185 0.004 -53.103),1940.386,5.000,1.000,0.000,0.008,(19.419 -0.004 19.543)
220.8,(3837.118 -0.011 4021.591),(0.692 0.002 0.722),(8.950 0.000 9.326),(-53.330 0.004 -55.199),1954.272,5.000,1.000,0.000,0.008,(19.778 -0.001 19.904)
221,(3838.919 -0.010 4023.467),(0.692 0.001 0.722),(9.060 0.000 9.440),(-55.525 0.004 -57.344),1965.927,5.000,1.000,0.000,0.008,(20.136 0.000 20.264)
221.2,(3840.744 -0.010 4025.369),(0.692 0.001 0.722),(9.172 0.000 9.557),(-57.766 0.005 -59.533),1963.560,5.000,1.000,0.000,0.008,(20.493 -0.001 20.623)
221.4,(3842.593 -0.011 4027.296),(0.692 0.002 0.722),(9.305 0.000 9.696),(-60.054 0.005 -61.771),1992.125,5.000,1.000,0.000,0.008,(20.849 -0.001 20.981)
221.6,(3844.467 -0.010 4029.249),(0.692 0.001 0.722),(9.418 0.000 9.811),(-62.369 0.005 -64.054),2002.616,5.000,1.000,0.000,0.010,(21.096 0.003 21.349)
221.8,(3846.366 -0.011 4031.227),(0.692 0.002 0.722),(9.554 0.000 9.952),(-64.717 0.004 -66.383),2019.031,5.000,1.000,0.000,0.010,(21.119 -0.012 21.711)
222,(3848.289 -0.010 4033.230),(0.692 0.001 0.722),(9.666 0.000 10.069),(-66.986 0.003 -68.753),2031.257,5.000,1.000,0.000,0.010,(20.906 0.020 21.925)
222.2,(3850.238 -0.011 4035.260),(0.692 0.002 0.722),(9.803 0.000 10.212),(-69.260 0.005 -71.148),2046.684,5.000,1.000,0.000,0.010,(21.262 -0.006 22.282)
222.4,(3852.209 -0.011 4037.313),(0.692 0.001 0.722),(9.917 0.000 10.330),(-71.565 0.005 -73.579),2059.460,5.000,1.000,0.000,0.010,(21.496 0.001 22.528)
222.6,(3854.208 -0.011 4039.396),(0.692 0.002 0.722),(10.055 0.000 10.474),(-73.891 0.004 -76.019),2075.105,5.000,1.000,0.000,0.010,(21.777 -0.011 22.459)
222.8,(3856.230 -0.011 4041.501),(0.692 0.001 0.722),(10.170 0.000 10.592),(-76.284 0.005 -78.399),2088.296,5.000,1.000,0.000,0.010,(22.239 0.019 22.477)
223,(3858.278 -0.011 4043.634),(0.692 0.001 0.722),(10.286 0.000 10.713),(-78.708 0.005 -80.790),2091.344,5.000,1.000,0.000,0.010,(22.464 -0.006 22.725)
223.2,(3860.351 -0.011 4045.793),(0.692 0.002 0.722),(10.425 0.000 10.857),(-81.154 0.005 -83.204),2117.868,5.000,1.000,0.000,0.010,(22.699 0.001 22.962)
223.4,(3862.449 -0.011 4047.978),(0.692 0.001 0.722),(10.541 0.000 10.977),(-83.621 0.005 -85.636),2130.930,5.000,1.000,0.000,0.010,(22.932 -0.001 23.198)
223.6,(3864.573 -0.011 4050.190),(0.692 0.002 0.722),(10.682 0.000 11.124),(-86.109 0.005 -88.090),2148.207,5.000,1.000,0.000,0.010,(23.165 -0.001 23.434)
223.8,(3866.722 -0.011 4052.427),(0.692 0.001 0.722),(10.799 0.000 11.245),(-88.619 0.005 -90.566),2162.109,5.000,1.000,0.000,0.010,(23.397 0.000 23.668)
224,(3868.897 -0.011 4054.693),(0.692 0.002 0.722),(10.941 0.000 11.393),(-91.148 0.005 -93.059),2179.337,5.000,1.000,0.000,0.010,(23.629 -0.001 23.903)
224.2,(3871.097 -0.011 4056.984),(0.692 0.001 0.722),(11.060 0.000 11.515),(-93.700 0.005 -95.575),2193.735,5.000,1.000,0.000,0.010,(23.859 -0.001 24.136)
224.4,(3873.325 -0.011 4059.303),(0.692 0.002 0.722),(11.203 0.000 11.665),(-96.269 0.005 -98.107),2211.280,5.000,1.000,0.000,0.010,(24.089 -0.001 24.369)
224.6,(3875.576 -0.011 4061.647),(0.692 0.002 0.722),(11.322 0.000 11.788),(-98.861 0.005 -100.663),2226.110,5.000,1.000,0.000,0.010,(24.318 -0.001 24.600)
224.8,(3877.855 -0.011 4064.021),(0.692 0.001 0.721),(11.442 0.000 11.912),(-101.470 0.006 -103.235),2235.910,5.000,1.000,0.000,0.012,(24.547 -0.001 24.831)
225,(3880.160 -0.011 4066.419),(0.692 0.002 0.721),(11.589 0.000 12.061),(-104.100 0.005 -105.829),2259.253,5.000,1.000,0.000,0.014,(24.775 -0.001 25.062)
225.2,(3882.492 -0.011 4068.846),(0.693 0.001 0.721),(11.712 0.000 12.183),(-106.748 0.006 -108.439),2274.368,5.000,1.000,0.000,0.014,(25.002 -0.001 25.291)
225.4,(3884.851 -0.011 4071.299),(0.693 0.002 0.721),(11.861 0.000 12.333),(-109.415 0.006 -111.070),2293.190,5.000,1.000,0.000,0.016,(25.228 -0.001 25.520)
225.6,(3887.236 -0.011 4073.779),(0.693 0.001 0.721),(11.986 0.000 12.455),(-112.099 0.006 -113.719),2308.753,5.000,1.000,0.000,0.016,(25.453 -0.001 25.748)
225.8,(3889.650 -0.011 4076.288),(0.693 0.002 0.721),(12.136 0.000 12.607),(-114.801 0.006 -116.385),2327.943,5.000,1.000,0.000,0.016,(25.678 -0.001 25.976)
226,(3892.089 -0.011 4078.822),(0.693 0.002 0.721),(12.262 0.000 12.730),(-117.522 0.006 -119.071),2344.017,5.000,1.000,0.000,0.016,(25.902 -0.001 26.202)
226.2,(3894.558 -0.011 4081.384),(0.693 0.002 0.721),(12.413 0.000 12.883),(-120.258 0.006 -121.774),2363.531,5.000,1.000,0.000,0.016,(26.125 -0.001 26.428)
226.4,(3897.052 -0.011 4083.972),(0.694 0.002 0.720),(12.540 0.000 13.007),(-123.014 0.006 -124.496),2380.038,5.000,1.000,0.000,0.016,(26.347 -0.001 26.653)
226.6,(3899.576 -0.011 4086.590),(0.694 0.002 0.720),(12.666 0.000 13.133),(-125.783 0.006 -127.233),2397.811,5.000,1.000,0.000,0.016,(26.569 -0.001 26.877)
226.8,(3902.127 -0.012 4089.233),(0.694 0.002 0.720),(12.821 0.000 13.286),(-128.571 0.006 -129.990),2416.833,5.000,1.000,0.000,0.016,(26.790 -0.001 27.101)
227,(3904.706 -0.011 4091.905),(0.694 0.001 0.720),(12.951 0.000 13.411),(-131.393 0.007 -132.683),2433.434,5.000,1.000,0.000,0.017,(27.318 0.001 26.632)
227.2,(3907.313 -0.012 4094.604),(0.695 0.002 0.719),(13.109 0.000 13.562),(-134.274 0.006 -135.335),2454.425,5.000,1.000,0.000,0.019,(27.535 0.001 26.858)
227.4,(3909.950 -0.011 4097.330),(0.695 0.002 0.719),(13.246 0.000 13.682),(-137.169 0.007 -138.004),2470.166,5.000,1.000,0.000,0.019,(27.758 -0.003 27.076)
227.6,(3912.617 -0.012 4100.083),(0.696 0.002 0.719),(13.408 0.000 13.832),(-140.078 0.006 -140.690),2490.778,5.000,1.000,0.000,0.019,(27.980 0.001 27.292)
227.8,(3915.312 -0.012 4102.862),(0.696 0.002 0.718),(13.546 0.000 13.953),(-143.003 0.007 -143.394),2512.675,5.000,1.000,0.000,0.019,(28.202 -0.001 27.509)
228,(3918.039 -0.012 4105.669),(0.697 0.002 0.718),(13.710 0.000 14.103),(-145.873 0.007 -146.126),2541.224,5.000,1.000,0.000,0.019,(27.733 -0.005 28.024)
228.2,(3920.794 -0.012 4108.501),(0.697 0.002 0.717),(13.850 0.000 14.224),(-148.685 0.006 -148.928),2565.218,5.000,1.000,0.000,0.019,(27.935 0.005 28.258)
228.4,(3923.581 -0.012 4111.361),(0.698 0.002 0.716),(13.989 0.000 14.348),(-151.509 0.007 -151.743),2583.012,5.000,1.000,0.000,0.019,(28.152 -0.004 28.476)
228.6,(3926.397 -0.012 4114.248),(0.698 0.002 0.716),(14.157 0.000 14.497),(-154.347 0.007 -154.576),2618.279,5.000,1.000,0.000,0.019,(28.367 0.001 28.694)
228.8,(3929.244 -0.012 4117.162),(0.699 0.002 0.715),(14.299 0.000 14.621),(-157.197 0.007 -157.424),2641.953,5.000,1.000,0.000,0.019,(28.581 -0.001 28.911)
229,(3932.123 -0.012 4120.103),(0.699 0.002 0.715),(14.469 0.000 14.773),(-160.058 0.007 -160.289),2671.868,5.000,1.000,0.000,0.019,(28.795 0.000 29.126)
229.2,(3935.031 -0.012 4123.071),(0.700 0.002 0.714),(14.613 0.000 14.896),(-162.929 0.006 -163.164),2696.178,5.000,1.000,0.000,0.019,(28.977 -0.001 29.119)
229.4,(3937.973 -0.012 4126.067),(0.700 0.002 0.714),(14.785 0.000 15.050),(-165.854 0.008 -165.928),2726.004,5.000,1.000,0.000,0.019,(29.587 0.017 28.710)
229.6,(3940.944 -0.012 4129.090),(0.701 0.002 0.713),(14.931 0.000 15.174),(-168.726 0.001 -168.584),2750.772,5.000,1.000,0.000,0.019,(29.015 -0.001 28.196)
229.8,(3943.950 -0.012 4132.142),(0.701 0.002 0.713),(15.104 0.000 15.329),(-171.517 0.004 -171.162),2780.685,5.000,1.000,0.000,0.019,(28.602 0.000 27.794)
230,(3946.984 -0.012 4135.220),(0.702 0.002 0.712),(15.253 0.000 15.454),(-174.019 -0.005 -173.465),2805.800,5.000,1.000,0.000,0.019,(26.887 0.006 26.127)
230.2,(3950.053 -0.012 4138.327),(0.703 0.002 0.712),(15.401 0.000 15.581),(-176.146 -0.002 -175.429),2824.398,5.000,1.000,0.000,0.019,(25.188 0.002 24.735)
230.4,(3953.152 -0.012 4141.460),(0.703 0.002 0.711),(15.575 0.000 15.739),(-177.908 -0.004 -177.090),2861.268,5.000,1.000,0.000,0.016,(23.608 0.008 23.315)
230.6,(3956.283 -0.012 4144.624),(0.703 0.002 0.711),(15.716 0.000 15.875),(-179.337 -0.004 -178.424),2885.979,5.000,1.000,0.000,0.014,(22.233 0.002 21.926)
230.8,(3959.445 -0.012 4147.817),(0.703 0.002 0.711),(15.885 0.000 16.041),(-180.460 -0.005 -179.463),2917.181,5.000,1.000,0.000,0.014,(20.781 0.004 20.556)
231,(3962.637 -0.012 4151.041),(0.703 0.002 0.711),(16.028 0.000 16.177),(-181.263 -0.006 -180.196),2942.503,5.000,1.000,0.000,0.014,(19.339 0.003 19.171)
231.2,(3965.862 -0.013 4154.294),(0.704 0.002 0.711),(16.198 0.000 16.345),(-181.772 -0.006 -180.648),2973.552,5.000,1.000,0.000,0.014,(18.053 0.003 17.924)
231.4,(3969.116 -0.012 4157.577),(0.704 0.002 0.710),(16.343 0.000 16.481),(-181.976 -0.007 -180.798),2999.304,5.000,1.000,0.000,0.014,(16.650 0.002 16.539)
231.6,(3972.403 -0.013 4160.892),(0.704 0.002 0.710),(16.514 0.000 16.651),(-181.878 -0.006 -180.652),3030.388,5.000,1.000,0.000,0.016,(15.415 0.002 15.318)
231.8,(3975.720 -0.013 4164.234),(0.704 0.002 0.710),(16.664 0.000 16.785),(-181.485 -0.008 -180.215),3056.441,5.000,1.000,0.000,0.016,(13.998 0.002 13.912)
232,(3979.071 -0.013 4167.608),(0.704 0.002 0.710),(16.811 0.000 16.922),(-180.778 -0.008 -179.468),3075.640,5.000,1.000,0.000,0.016,(12.601 0.002 12.525)
232.2,(3982.453 -0.013 4171.011),(0.705 0.002 0.709),(16.990 0.000 17.087),(-179.785 -0.008 -178.440),3113.917,5.000,1.000,0.000,0.016,(11.359 0.001 11.291)
232.4,(3985.867 -0.013 4174.445),(0.705 0.002 0.709),(17.137 0.000 17.226),(-178.493 -0.009 -177.117),3139.470,5.000,1.000,0.000,0.014,(9.987 0.001 9.927)
232.6,(3989.314 -0.013 4177.909),(0.705 0.002 0.709),(17.313 0.000 17.397),(-176.894 -0.010 -175.489),3171.741,5.000,1.000,0.000,0.014,(8.611 0.001 8.559)
232.8,(3992.792 -0.013 4181.403),(0.705 0.002 0.709),(17.462 -0.001 17.536),(-174.990 -0.010 -173.560),3197.876,5.000,1.000,0.000,0.012,(7.243 0.001 7.199)
233,(3996.304 -0.013 4184.930),(0.705 0.003 0.709),(17.633 0.000 17.715),(-172.777 -0.010 -171.323),3229.927,5.000,1.000,0.000,0.010,(5.854 0.001 5.818)
233.2,(3999.845 -0.013 4188.487),(0.705 0.002 0.709),(17.779 0.000 17.857),(-170.266 -0.010 -168.793),3256.451,5.000,1.000,0.000,0.010,(4.566 0.001 4.555)
233.4,(4003.421 -0.013 4192.078),(0.705 0.003 0.709),(17.957 0.000 18.031),(-167.469 -0.010 -165.978),3288.474,5.000,1.000,0.000,0.014,(3.317 0.000 3.310)
233.6,(4007.026 -0.013 4195.697),(0.706 0.002 0.709),(18.109 0.000 18.170),(-164.397 -0.009 -162.891),3315.258,5.000,1.000,0.000,0.014,(2.176 -0.002 2.183)
233.8,(4010.667 -0.013 4199.350),(0.706 0.002 0.708),(18.257 0.000 18.314),(-161.043 -0.011 -159.525),3334.842,5.000,1.000,0.000,0.012,(0.783 0.001 0.782)
234,(4014.338 -0.013 4203.031),(0.706 0.003 0.708),(18.434 0.000 18.490),(-157.414 -0.007 -155.886),3374.294,5.000,1.000,0.000,0.012,(-0.017 0.000 -0.017)
234.2,(4018.041 -0.013 4206.747),(0.706 0.002 0.708),(18.584 0.000 18.633),(-153.710 -0.003 -152.169),3400.463,5.000,1.000,0.000,0.012,(0.000 0.000 0.000)
234.4,(4021.778 -0.014 4210.493),(0.706 0.003 0.708),(18.763 0.000 18.810),(-149.972 -0.005 -148.423),3433.577,5.000,1.000,0.000,0.012,(0.002 0.000 0.002)
234.6,(4025.550 -0.014 4214.274),(0.706 0.003 0.708),(18.942 0.000 18.989),(-146.200 -0.005 -144.641),3466.080,5.000,1.000,0.000,0.012,(-0.001 0.000 -0.001)
234.8,(4029.358 -0.014 4218.092),(0.706 0.003 0.708),(19.121 0.000 19.168),(-142.392 -0.005 -140.824),3498.869,5.000,1.000,0.000,0.012,(-0.001 0.000 -0.001)
235,(4033.202 -0.014 4221.945),(0.706 0.003 0.708),(19.300 0.000 19.347),(-138.548 -0.005 -136.970),3531.675,5.000,1.000,0.000,0.012,(-0.001 0.000 -0.001)
235.2,(4037.082 -0.014 4225.834),(0.706 0.003 0.708),(19.479 0.000 19.527),(-134.669 -0.005 -133.081),3564.568,5.000,1.000,0.000,0.012,(-0.001 0.000 -0.001)
235.4,(4040.998 -0.014 4229.760),(0.706 0.003 0.708),(19.659 0.000 19.708),(-130.753 -0.005 -129.156),3597.526,5.000,1.000,0.000,0.012,(-0.001 0.000 -0.001)
235.6,(4044.949 -0.014 4233.721),(0.706 0.003 0.708),(19.842 -0.001 19.886),(-126.802 -0.005 -125.194),3630.545,5.000,1.000,0.000,0.016,(-0.001 0.000 -0.001)
235.8,(4048.938 -0.014 4237.717),(0.706 0.003 0.708),(20.031 0.000 20.059),(-122.813 -0.005 -121.198),3663.625,5.000,1.000,0.000,0.016,(-0.001 0.000 -0.001)
236,(4052.965 -0.014 4241.749),(0.707 0.003 0.708),(20.219 0.000 20.233),(-118.786 -0.005 -117.167),3696.767,5.000,1.000,0.000,0.016,(-0.001 0.000 -0.001)
236.2,(4057.029 -0.014 4245.814),(0.707 0.003 0.707),(20.408 0.000 20.407),(-114.737 -0.003 -113.119),3729.947,5.000,1.000,0.000,0.016,(0.310 -0.001 0.336)
236.4,(4061.132 -0.014 4249.915),(0.707 0.003 0.707),(20.598 0.000 20.580),(-110.728 -0.004 -109.122),3763.184,5.000,1.000,0.000,0.016,(0.516 0.002 0.606)
236.6,(4065.272 -0.014 4254.050),(0.707 0.003 0.707),(20.788 0.000 20.754),(-106.705 -0.005 -105.114),3796.463,5.000,1.000,0.000,0.016,(0.639 -0.004 0.664)
236.8,(4069.451 -0.014 4258.220),(0.708 0.003 0.707),(20.978 0.000 20.928),(-102.663 -0.005 -101.084),3829.786,5.000,1.000,0.000,0.014,(0.712 0.002 0.728)
237,(4073.667 -0.015 4262.426),(0.708 0.003 0.706),(21.164 0.000 21.107),(-98.593 -0.005 -97.031),3863.140,5.000,1.000,0.000,0.014,(0.762 -0.001 0.796)
237.2,(4077.920 -0.015 4266.667),(0.708 0.003 0.706),(21.351 0.000 21.285),(-94.498 -0.005 -92.957),3896.534,5.000,1.000,0.000,0.014,(0.774 -0.001 0.895)
237.4,(4082.211 -0.015 4270.943),(0.708 0.003 0.706),(21.538 0.000 21.464),(-90.377 -0.005 -88.856),3929.952,5.000,1.000,0.000,0.014,(0.916 -0.003 0.855)
237.6,(4086.539 -0.015 4275.255),(0.708 0.003 0.706),(21.725 0.000 21.642),(-86.236 -0.005 -84.723),3963.397,5.000,1.000,0.000,0.014,(0.947 -0.001 0.940)
237.8,(4090.898 -0.014 4279.597),(0.709 0.001 0.706),(21.811 -0.001 21.706),(-82.071 -0.005 -80.578),3983.359,5.000,0.122,0.000,0.014,(0.994 0.002 1.011)
238,(4095.247 -0.013 4283.920),(0.710 -0.001 0.705),(21.690 0.001 21.529),(-77.927 -0.004 -76.464),3957.182,5.000,0.000,0.000,0.014,(1.053 -0.001 1.071)
238.2,(4099.570 -0.013 4288.206),(0.711 0.000 0.704),(21.565 0.000 21.348),(-73.821 -0.004 -72.399),3929.210,5.000,0.000,0.000,0.014,(1.111 0.000 1.130)
238.4,(4103.863 -0.013 4292.452),(0.711 -0.001 0.703),(21.394 0.000 21.123),(-69.756 -0.004 -68.385),3893.401,5.000,0.000,0.025,0.014,(1.169 0.000 1.188)
238.6,(4108.125 -0.013 4296.654),(0.712 -0.001 0.702),(21.239 0.000 20.915),(-65.735 -0.004 -64.428),3860.291,5.000,0.000,0.012,0.014,(1.226 0.000 1.246)
238.8,(4112.355 -0.013 4300.815),(0.713 -0.001 0.701),(21.081 0.000 20.706),(-61.756 -0.004 -60.522),3827.155,5.000,0.000,0.040,0.012,(1.282 0.000 1.304)
239,(4116.549 -0.012 4304.929),(0.714 -0.001 0.700),(20.863 0.001 20.464),(-57.825 -0.003 -56.676),3786.520,5.000,0.000,0.080,0.006,(1.338 0.000 1.361)
239.2,(4120.686 -0.012 4308.986),(0.714 -0.002 0.700),(20.521 0.000 20.133),(-53.962 -0.002 -52.897),3726.823,5.000,0.000,0.134,0.004,(1.394 0.000 1.417)
239.4,(4124.739 -0.011 4312.963),(0.714 -0.004 0.700),(20.011 0.001 19.633),(-50.193 -0.001 -49.209),3640.534,5.000,0.000,0.295,0.004,(1.448 0.000 1.473)
239.6,(4128.653 -0.008 4316.803),(0.714 -0.008 0.700),(19.161 0.001 18.792),(-46.576 0.001 -45.668),3492.925,5.000,0.000,0.512,0.006,(1.538 0.000 1.485)
239.8,(4132.368 -0.007 4320.446),(0.714 -0.010 0.700),(18.077 0.002 17.729),(-43.169 0.002 -42.332),3299.443,5.000,0.000,0.593,0.006,(1.555 0.003 1.571)
240,(4135.849 -0.006 4323.860),(0.714 -0.011 0.700),(16.833 0.002 16.499),(-40.005 0.003 -39.238),3062.584,5.000,0.000,0.693,0.004,(1.611 -0.001 1.623)
240.2,(4139.068 -0.005 4327.014),(0.714 -0.012 0.700),(15.480 0.002 15.162),(-37.114 0.004 -36.415),2808.430,5.000,0.000,0.713,0.004,(1.663 0.000 1.676)
240.4,(4142.015 -0.005 4329.900),(0.715 -0.012 0.699),(14.131 0.002 13.832),(-34.505 0.004 -33.870),2568.913,5.000,0.000,0.706,0.002,(1.716 0.000 1.729)
240.6,(4144.692 -0.004 4332.521),(0.715 -0.012 0.699),(12.780 0.002 12.505),(-32.176 0.005 -31.601),2299.790,5.000,0.000,0.774,0.002,(1.767 0.000 1.781)
240.8,(4147.082 -0.003 4334.859),(0.715 -0.015 0.699),(11.222 0.002 10.979),(-30.150 0.007 -29.618),1887.863,5.000,0.000,0.913,0.000,(1.819 0.002 1.816)
241,(4149.145 -0.003 4336.876),(0.715 -0.015 0.699),(9.643 0.002 9.433),(-28.457 0.006 -27.969),1525.489,5.000,0.000,1.000,0.000,(1.871 0.000 1.865)
241.2,(4150.920 -0.004 4338.612),(0.715 -0.012 0.699),(8.270 0.001 8.090),(-27.061 0.006 -26.611),1257.479,5.000,0.000,1.000,0.000,(1.921 0.000 1.915)
241.4,(4152.422 -0.003 4340.081),(0.715 -0.013 0.699),(6.873 0.001 6.723),(-25.949 0.006 -25.531),1100.261,5.000,0.000,0.918,0.000,(1.970 0.000 1.964)
241.6,(4153.642 -0.002 4341.274),(0.715 -0.014 0.699),(5.423 0.001 5.304),(-25.134 0.007 -24.728),1099.996,5.000,0.000,0.825,0.000,(2.021 0.002 1.994)
241.8,(4154.561 -0.002 4342.173),(0.715 -0.014 0.699),(3.921 0.001 3.835),(-24.625 0.007 -24.233),1096.710,5.000,0.000,0.805,0.000,(2.072 0.000 2.040)
242,(4155.188 -0.003 4342.785),(0.715 -0.013 0.699),(2.516 0.000 2.461),(-24.419 0.007 -24.032),1099.976,5.000,0.000,0.606,0.000,(2.167 0.000 2.027)
242.2,(4155.603 -0.007 4343.191),(0.715 -0.003 0.699),(1.896 0.000 1.854),(-24.437 0.002 -24.042),1094.595,5.000,0.000,0.000,0.000,(2.169 0.004 2.113)
242.4,(4155.981 -0.010 4343.563),(0.715 0.001 0.699),(1.882 0.000 1.841),(-24.497 0.000 -24.098),1094.552,5.000,0.000,0.000,0.000,(2.218 -0.001 2.156)
242.6,(4156.357 -0.009 4343.929),(0.715 0.000 0.699),(1.869 0.000 1.828),(-24.570 0.001 -24.168),1099.926,5.000,0.000,0.000,0.000,(2.264 0.000 2.201)
242.8,(4156.729 -0.009 4344.295),(0.715 0.000 0.699),(1.861 0.000 1.820),(-24.656 0.000 -24.247),1102.571,5.000,0.364,0.000,0.000,(2.310 0.000 2.245)
243,(4157.100 -0.009 4344.661),(0.715 0.000 0.699),(1.865 0.000 1.824),(-24.752 0.000 -24.334),1216.295,5.000,0.612,0.000,0.000,(2.355 0.000 2.289)
243.2,(4157.477 -0.009 4345.029),(0.715 0.000 0.699),(1.899 0.000 1.857),(-24.852 0.000 -24.428),1260.982,5.000,0.633,0.000,0.002,(2.399 0.000 2.331)
243.4,(4157.860 -0.009 4345.404),(0.715 0.000 0.699),(1.930 0.000 1.885),(-24.953 0.000 -24.524),1274.682,5.000,0.678,0.000,0.004,(2.442 0.000 2.374)
243.6,(4158.251 -0.009 4345.787),(0.715 0.001 0.699),(1.978 0.000 1.931),(-25.055 0.000 -24.622),1291.745,5.000,0.679,0.000,0.004,(2.485 0.000 2.415)
243.8,(4158.650 -0.009 4346.177),(0.715 0.000 0.699),(2.013 0.000 1.966),(-25.158 0.000 -24.719),1294.578,5.000,0.702,0.000,0.004,(2.527 0.000 2.456)
244,(4159.059 -0.009 4346.576),(0.715 0.001 0.699),(2.069 0.000 2.020),(-25.259 0.000 -24.815),1321.716,5.000,0.749,0.000,0.004,(2.569 0.000 2.496)
244.2,(4159.477 -0.009 4346.984),(0.715 0.000 0.699),(2.115 0.000 2.066),(-25.359 0.000 -24.911),1329.355,5.000,0.758,0.000,0.004,(2.609 0.000 2.536)
244.4,(4159.907 -0.009 4347.404),(0.715 0.001 0.699),(2.167 0.000 2.118),(-25.456 0.000 -25.002),1309.034,5.000,0.840,0.000,0.002,(2.649 0.000 2.575)
244.6,(4160.349 -0.009 4347.835),(0.715 0.001 0.699),(2.243 0.000 2.193),(-25.548 0.000 -25.090),1380.688,5.000,0.879,0.000,0.002,(2.688 0.000 2.613)
244.8,(4160.806 -0.009 4348.282),(0.715 0.001 0.699),(2.319 0.000 2.267),(-25.633 0.000 -25.170),1404.172,5.000,0.998,0.000,0.002,(2.727 0.000 2.650)
245,(4161.281 -0.010 4348.747),(0.715 0.001 0.699),(2.427 0.000 2.372),(-25.707 0.000 -25.239),1435.120,5.000,1.000,0.000,0.002,(2.765 0.000 2.687)
245.2,(4161.777 -0.009 4349.232),(0.715 0.001 0.699),(2.518 0.000 2.461),(-25.766 0.000 -25.298),1434.944,5.000,1.000,0.000,0.002,(2.714 -0.007 2.796)
245.4,(4162.292 -0.010 4349.736),(0.715 0.001 0.699),(2.629 0.000 2.569),(-25.806 0.000 -25.347),1446.295,5.000,1.000,0.000,0.004,(2.810 0.006 2.767)
245.6,(4162.828 -0.009 4350.259),(0.715 0.001 0.699),(2.721 0.000 2.657),(-25.835 0.000 -25.382),1449.522,5.000,1.000,0.000,0.006,(2.843 -0.002 2.806)
245.8,(4163.385 -0.010 4350.803),(0.715 0.001 0.699),(2.834 0.000 2.766),(-25.846 0.000 -25.408),1457.649,5.000,1.000,0.000,0.006,(2.745 -0.012 2.950)
246,(4163.960 -0.009 4351.365),(0.715 0.001 0.699),(2.923 0.000 2.857),(-25.841 0.000 -25.421),1462.220,5.000,1.000,0.000,0.002,(2.880 0.007 2.885)
246.2,(4164.558 -0.010 4351.948),(0.715 0.001 0.699),(3.019 0.000 2.951),(-25.823 0.000 -25.419),1428.455,5.000,1.000,0.000,0.002,(2.911 -0.002 2.922)
246.4,(4165.173 -0.010 4352.550),(0.715 0.001 0.699),(3.128 0.000 3.058),(-25.794 0.000 -25.406),1474.428,5.000,1.000,0.000,0.002,(2.944 0.000 2.955)
246.6,(4165.810 -0.009 4353.173),(0.715 0.001 0.699),(3.222 0.000 3.150),(-25.750 0.000 -25.377),1466.170,5.000,1.000,0.000,0.002,(2.977 0.000 2.988)
246.8,(4166.467 -0.010 4353.815),(0.715 0.001 0.699),(3.333 0.000 3.261),(-25.691 0.000 -25.336),1486.660,5.000,1.000,0.000,-0.002,(3.009 0.000 3.020)
247,(4167.144 -0.009 4354.477),(0.715 0.001 0.699),(3.426 0.000 3.353),(-25.620 0.000 -25.282),1487.456,5.000,1.000,0.000,-0.002,(3.040 0.000 3.052)
247.2,(4167.842 -0.010 4355.160),(0.715 0.001 0.699),(3.540 0.000 3.464),(-25.533 0.000 -25.212),1499.114,5.000,1.000,0.000,-0.002,(3.071 0.000 3.083)
247.4,(4168.559 -0.010 4355.862),(0.715 0.001 0.699),(3.634 0.000 3.556),(-25.434 0.000 -25.130),1503.215,5.000,1.000,0.000,-0.002,(3.101 0.000 3.113)
247.6,(4169.299 -0.010 4356.585),(0.715 0.001 0.699),(3.749 0.000 3.669),(-25.317 0.000 -25.033),1511.871,5.000,1.000,0.000,-0.004,(3.131 0.000 3.143)
247.8,(4170.058 -0.010 4357.329),(0.715 0.001 0.699),(3.842 0.000 3.763),(-25.189 0.000 -24.920),1517.215,5.000,1.000,0.000,-0.006,(3.210 0.000 3.112)
248,(4170.838 -0.010 4358.093),(0.715 0.001 0.699),(3.940 0.000 3.859),(-25.049 0.000 -24.782),1483.548,5.000,1.000,0.000,-0.006,(3.202 0.005 3.163)
248.2,(4171.639 -0.010 4358.877),(0.715 0.001 0.699),(4.053 0.000 3.969),(-24.892 -0.001 -24.633),1530.839,5.000,1.000,0.000,-0.006,(3.234 -0.001 3.188)
248.4,(4172.461 -0.010 4359.682),(0.715 0.001 0.699),(4.149 0.000 4.064),(-24.721 0.000 -24.469),1523.938,5.000,1.000,0.000,-0.006,(3.262 0.000 3.215)
248.6,(4173.303 -0.010 4360.507),(0.715 0.001 0.699),(4.265 0.000 4.177),(-24.534 -0.001 -24.290),1544.578,5.000,1.000,0.000,-0.006,(3.290 0.000 3.243)
248.8,(4174.167 -0.010 4361.354),(0.715 0.001 0.699),(4.361 0.000 4.271),(-24.331 0.000 -24.095),1546.607,5.000,1.000,0.000,-0.006,(3.317 0.000 3.269)
249,(4175.053 -0.010 4362.220),(0.715 0.001 0.699),(4.479 0.000 4.387),(-24.112 -0.001 -23.885),1558.610,5.000,1.000,0.000,-0.006,(3.343 0.000 3.295)
249.2,(4175.958 -0.010 4363.108),(0.715 0.001 0.699),(4.576 0.000 4.481),(-23.878 0.000 -23.659),1563.725,5.000,1.000,0.000,-0.006,(3.369 0.000 3.321)
249.4,(4176.886 -0.010 4364.016),(0.715 0.001 0.699),(4.695 0.000 4.597),(-23.627 -0.001 -23.417),1573.007,5.000,1.000,0.000,-0.006,(3.395 0.000 3.346)
249.6,(4177.834 -0.010 4364.945),(0.715 0.001 0.699),(4.792 0.000 4.692),(-23.360 0.000 -23.161),1579.242,5.000,1.000,0.000,-0.006,(3.419 0.000 3.370)
249.8,(4178.806 -0.010 4365.896),(0.715 0.001 0.699),(4.893 0.000 4.792),(-23.076 -0.001 -22.886),1545.725,5.000,1.000,0.000,-0.006,(3.444 0.000 3.395)
250,(4179.797 -0.010 4366.867),(0.715 0.001 0.699),(5.009 0.000 4.905),(-22.776 -0.001 -22.597),1591.966,5.000,0.935,0.000,-0.006,(3.468 0.000 3.418)
250.2,(4180.808 -0.009 4367.856),(0.715 0.000 0.699),(5.069 0.000 4.963),(-22.461 0.000 -22.293),1411.023,5.000,0.402,0.000,-0.006,(3.492 0.000 3.442)
250.4,(4181.823 -0.009 4368.851),(0.715 0.000 0.699),(5.074 0.000 4.969),(-22.146 0.000 -21.990),1363.674,5.000,0.514,0.000,-0.006,(3.515 0.000 3.464)
250.6,(4182.839 -0.009 4369.847),(0.715 0.000 0.699),(5.090 0.000 4.984),(-21.836 0.000 -21.689),1458.146,5.000,0.643,0.000,-0.006,(3.538 0.000 3.487)
250.8,(4183.862 -0.010 4370.848),(0.715 0.001 0.699),(5.138 0.000 5.031),(-21.523 0.000 -21.388),1491.550,5.000,0.674,0.000,-0.006,(3.560 0.000 3.509)
251,(4184.894 -0.009 4371.859),(0.715 0.000 0.699),(5.181 0.000 5.074),(-21.222 0.001 -21.096),1517.263,5.000,0.749,0.000,-0.008,(3.749 0.000 3.695)
251.2,(4185.937 -0.010 4372.881),(0.715 0.001 0.699),(5.249 0.000 5.142),(-20.953 0.001 -20.838),1535.899,5.000,0.771,0.000,-0.008,(3.976 0.000 3.919)
251.4,(4186.992 -0.010 4373.915),(0.715 0.001 0.699),(5.307 0.000 5.199),(-20.718 0.001 -20.613),1551.535,5.000,0.807,0.000,-0.008,(4.206 0.000 4.146)
251.6,(4188.062 -0.010 4374.963),(0.715 0.001 0.699),(5.375 0.000 5.265),(-20.515 0.001 -20.418),1524.386,5.000,0.826,0.000,-0.008,(4.441 0.000 4.378)
251.8,(4189.145 -0.010 4376.025),(0.715 0.001 0.699),(5.457 0.000 5.346),(-20.347 0.001 -20.257),1578.393,5.000,0.845,0.000,-0.008,(4.681 0.000 4.614)
252,(4190.246 -0.010 4377.103),(0.715 0.001 0.699),(5.529 0.000 5.417),(-20.211 0.001 -20.129),1574.823,5.000,0.859,0.000,-0.010,(4.926 0.000 4.855)
252.2,(4191.361 -0.010 4378.196),(0.715 0.001 0.699),(5.621 0.000 5.508),(-20.108 0.001 -20.035),1603.007,5.000,0.894,0.000,-0.010,(5.174 0.000 5.100)
252.4,(4192.495 -0.010 4379.307),(0.715 0.001 0.699),(5.705 0.000 5.590),(-20.037 0.001 -19.971),1623.621,5.000,0.948,0.000,-0.010,(5.426 0.000 5.348)
252.6,(4193.647 -0.010 4380.438),(0.715 0.001 0.699),(5.818 0.000 5.701),(-19.997 0.001 -19.937),1644.290,5.000,0.969,0.000,-0.010,(5.680 0.000 5.598)
252.8,(4194.821 -0.010 4381.587),(0.715 0.001 0.699),(5.914 0.000 5.794),(-19.988 0.001 -19.935),1653.296,5.000,0.983,0.000,-0.010,(5.935 0.000 5.850)
253,(4196.018 -0.010 4382.759),(0.715 0.001 0.699),(6.035 0.000 5.913),(-20.006 0.001 -19.961),1666.787,5.000,0.988,0.000,-0.010,(6.192 0.000 6.103)
253.2,(4197.234 -0.010 4383.951),(0.715 0.001 0.699),(6.134 0.000 6.010),(-20.057 0.001 -20.017),1674.297,5.000,0.989,0.000,-0.010,(6.449 0.000 6.356)
253.4,(4198.474 -0.010 4385.166),(0.715 0.001 0.699),(6.238 0.000 6.112),(-20.134 0.001 -20.101),1641.017,5.000,0.988,0.000,-0.010,(6.703 0.000 6.606)
253.6,(4199.734 -0.010 4386.401),(0.715 0.001 0.699),(6.357 0.000 6.228),(-20.244 0.001 -20.215),1691.986,5.000,0.989,0.000,-0.010,(6.952 0.000 6.853)
253.8,(4201.018 -0.010 4387.660),(0.715 0.001 0.699),(6.459 0.000 6.328),(-20.380 0.001 -20.357),1690.025,5.000,1.000,0.000,-0.010,(7.248 0.000 7.144)
254,(4202.324 -0.010 4388.939),(0.715 0.001 0.699),(6.583 0.000 6.451),(-20.596 0.003 -20.578),1713.016,5.000,1.000,0.000,-0.012,(7.931 -0.001 7.817)
254.2,(4203.652 -0.010 4390.241),(0.715 0.001 0.699),(6.685 0.000 6.555),(-20.939 0.004 -20.923),1718.813,5.000,1.000,0.000,-0.014,(8.708 -0.001 8.583)
254.4,(4205.002 -0.010 4391.566),(0.715 0.001 0.699),(6.812 0.000 6.679),(-21.342 -0.001 -21.326),1731.853,5.000,1.000,0.000,-0.014,(8.810 0.000 8.683)
254.6,(4206.376 -0.010 4392.913),(0.715 0.001 0.700),(6.916 0.000 6.782),(-21.821 0.005 -21.805),1739.923,5.000,1.000,0.000,-0.014,(9.607 -0.001 9.469)
254.8,(4207.773 -0.010 4394.282),(0.715 0.001 0.700),(7.044 0.000 6.907),(-22.424 0.003 -22.408),1751.231,5.000,1.000,0.000,-0.014,(10.282 0.000 10.135)
255,(4209.192 -0.010 4395.674),(0.715 0.001 0.700),(7.148 0.000 7.011),(-23.121 0.003 -23.103),1760.066,5.000,1.000,0.000,-0.014,(10.826 -0.001 10.670)
255.2,(4210.635 -0.010 4397.090),(0.715 0.001 0.700),(7.258 0.000 7.119),(-23.901 0.003 -23.877),1727.207,5.000,1.000,0.000,-0.014,(11.348 -0.001 11.184)
255.4,(4212.101 -0.010 4398.528),(0.714 0.001 0.700),(7.383 0.000 7.242),(-24.762 0.003 -24.732),1780.404,5.000,1.000,0.000,-0.014,(11.868 -0.001 11.697)
255.6,(4213.590 -0.010 4399.989),(0.714 0.001 0.700),(7.489 0.000 7.349),(-25.703 0.003 -25.667),1780.835,5.000,1.000,0.000,-0.017,(12.387 -0.001 12.209)
255.8,(4215.102 -0.010 4401.474),(0.714 0.001 0.700),(7.613 0.000 7.482),(-26.727 0.003 -26.681),1801.235,5.000,1.000,0.000,-0.023,(12.906 -0.001 12.720)
256,(4216.635 -0.010 4402.982),(0.713 0.001 0.701),(7.712 0.000 7.595),(-27.831 0.003 -27.772),1808.980,5.000,1.000,0.000,-0.025,(13.424 -0.001 13.231)
256.2,(4218.191 -0.010 4404.517),(0.713 0.001 0.701),(7.835 0.000 7.732),(-29.017 0.003 -28.940),1822.644,5.000,1.000,0.000,-0.025,(13.942 -0.001 13.741)
256.4,(4219.769 -0.010 4406.074),(0.712 0.001 0.702),(7.935 0.000 7.847),(-30.285 0.003 -30.187),1832.175,5.000,1.000,0.000,-0.025,(14.458 -0.001 14.250)
256.6,(4221.371 -0.010 4407.659),(0.711 0.001 0.703),(8.059 0.000 7.985),(-31.631 0.003 -31.508),1844.675,5.000,1.000,0.000,-0.025,(14.974 -0.001 14.759)
256.8,(4222.992 -0.010 4409.267),(0.711 0.001 0.704),(8.162 0.000 8.099),(-33.061 0.004 -32.908),1854.823,5.000,1.000,0.000,-0.017,(15.489 -0.001 15.266)
257,(4224.639 -0.010 4410.899),(0.711 0.001 0.704),(8.279 0.000 8.207),(-34.562 0.003 -34.377),1822.400,5.000,1.000,0.000,-0.008,(15.827 -0.001 15.599)
257.2,(4226.309 -0.010 4412.555),(0.711 0.001 0.704),(8.409 0.000 8.334),(-36.067 0.003 -35.851),1877.881,5.000,1.000,0.000,-0.008,(16.059 0.000 15.828)
257.4,(4228.004 -0.010 4414.235),(0.711 0.001 0.704),(8.520 0.000 8.443),(-37.638 0.004 -37.390),1881.578,5.000,1.000,0.000,-0.010,(16.511 -0.001 16.273)
257.6,(4229.723 -0.010 4415.938),(0.711 0.002 0.704),(8.652 0.000 8.577),(-39.262 0.003 -38.982),1901.543,5.000,1.000,0.000,-0.010,(16.880 0.000 16.637)
257.8,(4231.465 -0.010 4417.666),(0.711 0.001 0.704),(8.763 0.000 8.687),(-40.936 0.004 -40.621),1911.362,5.000,1.000,0.000,-0.010,(17.249 -0.001 17.001)
258,(4233.232 -0.010 4419.417),(0.711 0.002 0.704),(8.898 0.000 8.821),(-42.660 0.003 -42.309),1925.870,5.000,1.000,0.000,-0.010,(17.617 -0.001 17.364)
258.2,(4235.023 -0.010 4421.193),(0.711 0.001 0.704),(9.010 0.000 8.932),(-44.434 0.004 -44.046),1936.952,5.000,1.000,0.000,-0.010,(17.985 -0.001 17.726)
258.4,(4236.841 -0.011 4422.995),(0.711 0.002 0.704),(9.146 0.000 9.067),(-46.254 0.004 -45.830),1950.896,5.000,1.000,0.000,-0.010,(18.351 -0.001 18.087)
258.6,(4238.681 -0.010 4424.819),(0.711 0.001 0.704),(9.259 0.000 9.179),(-48.125 0.004 -47.663),1962.483,5.000,1.000,0.000,-0.010,(18.717 -0.001 18.447)
258.8,(4240.547 -0.011 4426.669),(0.711 0.001 0.704),(9.377 0.000 9.294),(-50.042 0.004 -49.541),1930.589,5.000,1.000,0.000,-0.008,(19.081 -0.001 18.807)
259,(4242.438 -0.011 4428.542),(0.711 0.001 0.704),(9.513 0.000 9.425),(-52.009 0.004 -51.469),1988.604,5.000,1.000,0.000,-0.004,(19.445 -0.001 19.165)
259.2,(4244.354 -0.010 4430.441),(0.711 0.001 0.704),(9.629 0.000 9.537),(-54.021 0.004 -53.442),1996.068,5.000,1.000,0.000,-0.004,(19.808 -0.001 19.523)
259.4,(4246.296 -0.011 4432.363),(0.711 0.002 0.704),(9.769 0.000 9.674),(-56.081 0.004 -55.464),2015.420,5.000,1.000,0.000,-0.002,(20.170 -0.001 19.880)
259.6,(4248.263 -0.010 4434.311),(0.711 0.001 0.704),(9.884 0.000 9.787),(-58.188 0.005 -57.532),2027.291,5.000,1.000,0.000,-0.002,(20.531 -0.001 20.236)
259.8,(4250.255 -0.011 4436.283),(0.711 0.002 0.704),(10.025 0.000 9.927),(-60.341 0.004 -59.645),2042.968,5.000,1.000,0.000,-0.002,(20.891 -0.001 20.590)
260,(4252.271 -0.011 4438.281),(0.711 0.001 0.704),(10.139 0.000 10.043),(-62.542 0.005 -61.805),2055.638,5.000,1.000,0.000,-0.004,(21.251 -0.001 20.944)
260.2,(4254.315 -0.011 4440.305),(0.711 0.002 0.704),(10.282 0.000 10.182),(-64.789 0.005 -64.008),2071.278,5.000,1.000,0.000,0.000,(21.609 -0.001 21.297)
260.4,(4256.383 -0.011 4442.352),(0.711 0.001 0.703),(10.402 0.000 10.295),(-67.072 0.004 -66.250),2084.404,5.000,1.000,0.000,0.002,(21.788 0.000 21.474)
260.6,(4258.479 -0.011 4444.426),(0.711 0.002 0.703),(10.526 0.000 10.414),(-69.344 0.004 -68.481),2053.082,5.000,1.000,0.000,0.004,(21.968 0.000 21.652)
260.8,(4260.599 -0.011 4446.524),(0.711 0.002 0.703),(10.665 0.000 10.552),(-71.653 0.005 -70.750),2113.889,5.000,1.000,0.000,0.004,(22.263 -0.001 21.942)
261,(4262.746 -0.011 4448.648),(0.711 0.001 0.703),(10.784 0.000 10.669),(-73.985 0.005 -73.039),2125.372,5.000,1.000,0.000,0.004,(22.501 0.000 22.177)
261.2,(4264.918 -0.011 4450.798),(0.711 0.002 0.703),(10.928 0.000 10.812),(-76.339 0.005 -75.350),2144.130,5.000,1.000,0.000,0.004,(22.740 -0.001 22.412)
261.4,(4267.118 -0.011 4452.975),(0.711 0.001 0.703),(11.048 0.000 10.931),(-78.713 0.005 -77.683),2157.886,5.000,1.000,0.000,0.004,(22.977 0.000 22.646)
261.6,(4269.344 -0.011 4455.176),(0.711 0.002 0.703),(11.195 0.000 11.073),(-81.108 0.005 -80.035),2175.154,5.000,1.000,0.000,0.006,(23.214 -0.001 22.879)
261.8,(4271.596 -0.011 4457.403),(0.711 0.001 0.703),(11.317 0.000 11.191),(-83.526 0.005 -82.410),2189.456,5.000,1.000,0.000,0.008,(23.449 -0.001 23.112)
262,(4273.875 -0.011 4459.657),(0.711 0.002 0.703),(11.464 0.000 11.337),(-85.961 0.005 -84.803),2206.987,5.000,1.000,0.000,0.008,(23.685 -0.001 23.344)
262.2,(4276.180 -0.011 4461.936),(0.711 0.002 0.703),(11.586 0.000 11.457),(-88.419 0.005 -87.219),2221.751,5.000,1.000,0.000,0.008,(23.919 -0.001 23.575)
262.4,(4278.513 -0.011 4464.243),(0.711 0.002 0.703),(11.713 0.000 11.582),(-90.896 0.005 -89.652),2190.973,5.000,1.000,0.000,0.008,(24.153 -0.001 23.805)
262.6,(4280.871 -0.011 4466.574),(0.711 0.002 0.703),(11.857 0.000 11.725),(-93.394 0.005 -92.108),2254.804,5.000,1.000,0.000,0.008,(24.386 -0.001 24.035)
262.8,(4283.257 -0.011 4468.934),(0.711 0.001 0.703),(11.980 0.000 11.847),(-95.911 0.005 -94.580),2269.946,5.000,1.000,0.000,0.008,(24.618 -0.001 24.264)
263,(4285.670 -0.011 4471.319),(0.711 0.002 0.703),(12.130 0.000 11.995),(-98.447 0.005 -97.072),2288.642,5.000,1.000,0.000,0.008,(24.850 -0.001 24.492)
263.2,(4288.110 -0.011 4473.732),(0.711 0.001 0.703),(12.256 0.000 12.117),(-101.003 0.006 -99.584),2304.076,5.000,1.000,0.000,0.010,(25.080 -0.001 24.719)
263.4,(4290.578 -0.011 4476.172),(0.711 0.002 0.703),(12.408 0.000 12.265),(-103.577 0.005 -102.111),2323.296,5.000,1.000,0.000,0.012,(25.310 -0.001 24.946)
263.6,(4293.073 -0.011 4478.638),(0.711 0.001 0.703),(12.537 0.000 12.386),(-106.168 0.006 -104.660),2339.260,5.000,1.000,0.000,0.014,(25.540 -0.001 25.172)
263.8,(4295.598 -0.011 4481.131),(0.711 0.002 0.703),(12.690 0.000 12.536),(-108.777 0.006 -107.225),2358.768,5.000,1.000,0.000,0.014,(25.768 -0.001 25.397)
264,(4298.148 -0.011 4483.650),(0.711 0.002 0.703),(12.819 0.000 12.658),(-111.405 0.006 -109.811),2375.203,5.000,1.000,0.000,0.014,(25.996 -0.001 25.621)
264.2,(4300.728 -0.011 4486.198),(0.711 0.002 0.703),(12.950 0.000 12.788),(-114.049 0.006 -112.412),2344.854,5.000,1.000,0.000,0.014,(26.223 -0.001 25.845)
264.4,(4303.334 -0.011 4488.771),(0.711 0.002 0.703),(13.102 0.000 12.934),(-116.712 0.006 -115.032),2411.911,5.000,1.000,0.000,0.014,(26.449 -0.001 26.068)
264.6,(4305.970 -0.011 4491.373),(0.711 0.002 0.703),(13.228 0.000 13.063),(-119.392 0.006 -117.668),2429.099,5.000,1.000,0.000,0.010,(26.674 -0.001 26.290)
264.8,(4308.633 -0.012 4494.002),(0.711 0.002 0.703),(13.384 0.000 13.216),(-122.088 0.006 -120.321),2449.410,5.000,1.000,0.000,0.010,(26.899 -0.001 26.512)
265,(4311.324 -0.011 4496.660),(0.711 0.001 0.703),(13.513 0.000 13.343),(-124.801 0.006 -122.990),2465.652,5.000,1.000,0.000,0.010,(27.123 -0.001 26.732)
265.2,(4314.044 -0.012 4499.346),(0.711 0.002 0.703),(13.670 0.000 13.498),(-127.531 0.006 -125.675),2485.446,5.000,1.000,0.000,0.008,(27.346 -0.001 26.952)
265.4,(4316.792 -0.012 4502.060),(0.711 0.002 0.703),(13.797 0.000 13.629),(-130.276 0.006 -128.376),2505.712,5.000,1.000,0.000,0.006,(27.568 -0.001 27.171)
265.6,(4319.569 -0.012 4504.803),(0.711 0.002 0.703),(13.955 0.000 13.784),(-133.038 0.006 -131.091),2534.308,5.000,1.000,0.000,0.006,(27.789 -0.001 27.389)
265.8,(4322.372 -0.012 4507.572),(0.711 0.002 0.703),(14.086 0.000 13.914),(-135.816 0.006 -133.824),2558.230,5.000,1.000,0.000,0.006,(28.010 -0.001 27.607)
266,(4325.207 -0.012 4510.371),(0.711 0.002 0.703),(14.222 0.000 14.048),(-138.607 0.007 -136.570),2534.004,5.000,1.000,0.000,0.006,(28.230 -0.001 27.823)
266.2,(4328.068 -0.012 4513.198),(0.711 0.002 0.703),(14.374 0.000 14.205),(-141.417 0.007 -139.332),2611.254,5.000,1.000,0.000,0.000,(28.449 -0.001 28.039)
266.4,(4330.958 -0.012 4516.056),(0.711 0.002 0.703),(14.504 0.000 14.339),(-144.240 0.007 -142.105),2634.075,5.000,1.000,0.000,0.000,(28.667 -0.001 28.254)
266.6,(4333.876 -0.012 4518.941),(0.711 0.002 0.703),(14.666 0.000 14.499),(-147.079 0.007 -144.894),2664.778,5.000,1.000,0.000,0.000,(28.884 -0.001 28.468)
266.8,(4336.825 -0.012 4521.856),(0.711 0.002 0.703),(14.803 0.000 14.629),(-149.932 0.007 -147.696),2688.895,5.000,1.000,0.000,0.004,(29.101 -0.001 28.682)
267,(4339.803 -0.012 4524.799),(0.711 0.002 0.703),(14.968 0.000 14.789),(-152.797 0.007 -150.514),2718.833,5.000,1.000,0.000,0.004,(29.317 -0.001 28.895)
267.2,(4342.811 -0.012 4527.771),(0.711 0.002 0.703),(15.103 0.000 14.923),(-155.677 0.007 -153.344),2743.489,5.000,1.000,0.000,0.004,(29.532 -0.001 29.106)
267.4,(4345.850 -0.012 4530.773),(0.711 0.002 0.703),(15.268 0.000 15.086),(-158.568 0.007 -156.186),2773.448,5.000,1.000,0.000,0.004,(29.746 -0.001 29.317)
267.6,(4348.917 -0.012 4533.804),(0.711 0.002 0.703),(15.403 0.000 15.224),(-161.473 0.007 -159.042),2798.508,5.000,1.000,0.000,0.000,(29.959 -0.001 29.528)
267.8,(4352.015 -0.012 4536.867),(0.711 0.002 0.703),(15.544 0.000 15.366),(-164.390 0.007 -161.907),2772.685,5.000,1.000,0.000,0.000,(30.171 -0.001 29.737)
268,(4355.142 -0.012 4539.958),(0.711 0.002 0.703),(15.706 0.000 15.527),(-167.285 0.006 -164.752),2853.927,5.000,1.000,0.000,0.000,(30.130 0.000 29.697)
268.2,(4358.299 -0.012 4543.080),(0.711 0.002 0.703),(15.846 0.000 15.664),(-170.173 0.007 -167.589),2877.737,5.000,1.000,0.000,0.002,(30.298 -0.001 29.862)
268.4,(4361.487 -0.012 4546.230),(0.711 0.002 0.703),(16.016 0.000 15.829),(-173.063 0.007 -170.428),2909.779,5.000,1.000,0.000,0.002,(30.459 0.000 30.021)
268.6,(4364.706 -0.012 4549.412),(0.711 0.002 0.703),(16.154 0.000 15.968),(-175.954 0.007 -173.268),2934.916,5.000,1.000,0.000,0.000,(30.620 -0.001 30.179)
268.8,(4367.956 -0.013 4552.624),(0.711 0.002 0.703),(16.324 0.000 16.137),(-178.853 0.007 -176.051),2966.088,5.000,1.000,0.000,0.000,(31.054 -0.014 29.627)
269,(4371.235 -0.012 4555.866),(0.711 0.002 0.703),(16.465 0.000 16.277),(-181.819 0.007 -178.734),2991.704,5.000,1.000,0.000,0.000,(31.299 0.013 29.692)
269.2,(4374.546 -0.013 4559.140),(0.711 0.002 0.703),(16.636 0.000 16.446),(-184.785 0.007 -181.417),3022.839,5.000,1.000,0.000,0.000,(31.459 -0.006 29.850)
269.4,(4377.882 -0.012 4562.438),(0.711 0.002 0.703),(16.749 0.000 16.556),(-187.759 0.007 -184.106),3043.483,5.000,1.000,0.000,0.002,(31.621 0.001 30.003)
269.6,(4381.250 -0.013 4565.767),(0.711 0.002 0.703),(16.897 0.000 16.700),(-190.709 0.006 -186.794),3015.619,5.000,1.000,0.000,0.002,(31.229 -0.025 30.296)
269.8,(4384.648 -0.013 4569.125),(0.711 0.002 0.703),(17.066 0.000 16.867),(-193.539 0.008 -189.548),3100.752,5.000,1.000,0.000,0.002,(31.113 0.026 30.720)
270,(4388.079 -0.013 4572.516),(0.711 0.002 0.703),(17.210 0.000 17.008),(-196.352 0.007 -192.316),3125.368,5.000,1.000,0.000,0.004,(31.288 -0.007 30.861)
270.2,(4391.541 -0.013 4575.936),(0.711 0.002 0.703),(17.388 0.000 17.176),(-199.164 0.007 -195.086),3158.504,5.000,1.000,0.000,0.006,(31.444 0.001 31.016)
270.4,(4395.034 -0.013 4579.387),(0.711 0.002 0.703),(17.533 0.000 17.319),(-201.977 0.007 -197.855),3184.445,5.000,1.000,0.000,0.006,(31.600 -0.001 31.170)
270.6,(4398.560 -0.013 4582.870),(0.711 0.003 0.703),(17.708 0.000 17.492),(-204.788 0.007 -200.623),3216.614,5.000,1.000,0.000,0.006,(31.756 -0.001 31.324)
270.8,(4402.117 -0.013 4586.383),(0.711 0.002 0.703),(17.854 0.000 17.636),(-207.600 0.007 -203.391),3243.008,5.000,1.000,0.000,0.006,(31.911 0.000 31.477)
271,(4405.707 -0.013 4589.930),(0.711 0.003 0.703),(18.030 0.000 17.810),(-210.409 0.007 -206.157),3275.078,5.000,1.000,0.000,0.006,(32.066 0.000 31.629)
271.2,(4409.327 -0.013 4593.506),(0.711 0.002 0.703),(18.176 0.000 17.955),(-213.218 0.007 -208.910),3301.792,5.000,1.000,0.000,0.006,(32.277 -0.012 31.428)
271.4,(4412.981 -0.013 4597.116),(0.711 0.002 0.703),(18.328 0.000 18.104),(-216.051 0.007 -211.586),3271.696,5.000,1.000,0.000,0.006,(32.529 0.015 31.472)
271.6,(4416.665 -0.013 4600.755),(0.711 0.002 0.703),(18.501 0.000 18.275),(-218.889 0.007 -214.259),3360.797,5.000,1.000,0.000,0.006,(32.679 -0.005 31.629)
271.8,(4420.383 -0.013 4604.428),(0.711 0.002 0.703),(18.648 0.000 18.421),(-221.724 0.008 -216.928),3385.999,5.000,1.000,0.000,0.006,(32.833 0.001 31.777)
272,(4424.132 -0.014 4608.132),(0.711 0.003 0.703),(18.827 0.000 18.597),(-224.558 0.007 -219.596),3420.033,5.000,1.000,0.000,0.006,(32.986 -0.001 31.926)
272.2,(4427.917 -0.014 4611.871),(0.711 0.003 0.703),(19.006 0.000 18.775),(-227.386 0.007 -222.259),3452.472,5.000,1.000,0.000,0.006,(33.139 0.000 32.073)
272.4,(4431.738 -0.014 4615.645),(0.711 0.003 0.703),(19.186 0.000 18.952),(-230.210 0.007 -224.916),3485.236,5.000,1.000,0.000,0.006,(33.290 0.000 32.220)
272.6,(4435.596 -0.014 4619.455),(0.711 0.003 0.703),(19.367 0.000 19.131),(-233.027 0.007 -227.566),3518.014,5.000,1.000,0.000,0.006,(33.442 0.000 32.367)
272.8,(4439.489 -0.014 4623.301),(0.711 0.003 0.703),(19.547 0.000 19.309),(-235.839 0.007 -230.210),3550.879,5.000,1.000,0.000,0.006,(33.592 0.000 32.513)
273,(4443.418 -0.014 4627.182),(0.711 0.003 0.703),(19.729 0.000 19.488),(-238.645 0.007 -232.847),3583.810,5.000,1.000,0.000,0.004,(33.742 0.000 32.658)
273.2,(4447.383 -0.014 4631.100),(0.711 0.003 0.703),(19.907 0.000 19.670),(-241.444 0.007 -235.477),3616.809,5.000,1.000,0.000,0.004,(33.892 0.000 32.802)
273.4,(4451.385 -0.014 4635.053),(0.711 0.003 0.703),(20.089 0.000 19.850),(-244.237 0.008 -238.100),3649.870,5.000,1.000,0.000,0.004,(34.040 0.000 32.946)
273.6,(4455.423 -0.014 4639.043),(0.711 0.003 0.703),(20.271 0.000 20.030),(-247.024 0.008 -240.715),3682.989,5.000,1.000,0.000,0.004,(34.188 0.000 33.090)
273.8,(4459.498 -0.014 4643.069),(0.711 0.003 0.703),(20.454 0.000 20.210),(-249.803 0.008 -243.323),3716.160,5.000,1.000,0.000,0.004,(34.336 0.000 33.232)
274,(4463.609 -0.014 4647.130),(0.711 0.003 0.703),(20.636 0.000 20.390),(-252.575 0.008 -245.923),3749.382,5.000,1.000,0.000,0.004,(34.483 0.000 33.374)
274.2,(4467.757 -0.014 4651.229),(0.711 0.003 0.703),(20.819 0.000 20.571),(-255.340 0.008 -248.516),3782.655,5.000,1.000,0.000,0.004,(34.629 0.000 33.516)
274.4,(4471.941 -0.014 4655.363),(0.711 0.003 0.703),(21.003 0.000 20.752),(-258.097 0.008 -251.100),3815.958,5.000,1.000,0.000,0.006,(34.774 0.000 33.656)
274.6,(4476.163 -0.015 4659.532),(0.711 0.003 0.703),(21.193 -0.001 20.926),(-260.846 0.008 -253.677),3849.303,5.000,1.000,0.000,0.012,(34.919 0.000 33.796)
274.8,(4480.423 -0.015 4663.737),(0.712 0.003 0.703),(21.383 0.000 21.101),(-263.586 0.008 -256.247),3882.684,5.000,1.000,0.000,0.016,(35.063 0.000 33.936)
275,(4484.721 -0.015 4667.976),(0.712 0.003 0.702),(21.582 -0.001 21.267),(-266.316 0.008 -258.811),3916.083,5.000,1.000,0.000,0.019,(35.206 0.000 34.075)
275.2,(4489.061 -0.015 4672.247),(0.713 0.003 0.702),(21.787 0.000 21.427),(-269.034 0.008 -261.370),3949.525,5.000,1.000,0.000,0.019,(35.349 0.000 34.213)
275.4,(4493.440 -0.015 4676.550),(0.713 0.003 0.701),(21.992 0.000 21.587),(-271.739 0.008 -263.924),3982.965,5.000,1.000,0.000,0.019,(35.491 0.000 34.350)
275.6,(4497.861 -0.015 4680.886),(0.714 0.003 0.700),(22.198 0.000 21.746),(-274.432 0.008 -266.474),4016.442,5.000,1.000,0.000,0.019,(35.633 0.000 34.487)
275.8,(4502.323 -0.015 4685.252),(0.715 0.003 0.700),(22.399 0.000 21.911),(-277.112 0.008 -269.020),4049.931,5.000,1.000,0.000,0.014,(35.773 0.000 34.623)
276,(4506.824 -0.015 4689.654),(0.715 0.003 0.700),(22.584 0.000 22.093),(-279.782 0.008 -271.558),4083.427,5.000,1.000,0.000,0.010,(35.913 0.000 34.759)
276.2,(4511.360 -0.015 4694.094),(0.715 0.003 0.700),(22.764 0.000 22.279),(-282.443 0.008 -274.085),4116.931,5.000,1.000,0.000,0.008,(36.053 0.000 34.894)
276.4,(4515.933 -0.015 4698.569),(0.715 0.003 0.700),(22.949 0.000 22.460),(-285.087 0.007 -276.594),4150.443,5.000,1.000,0.000,0.008,(36.051 0.000 34.892)
276.6,(4520.544 -0.015 4703.081),(0.715 0.003 0.700),(23.134 0.000 22.641),(-287.687 0.007 -279.061),4183.952,5.000,1.000,0.000,0.008,(36.097 0.000 34.937)
276.8,(4525.191 -0.015 4707.629),(0.715 0.003 0.700),(23.324 -0.001 22.818),(-290.269 0.007 -281.511),4217.455,5.000,1.000,0.000,0.014,(36.193 0.000 35.029)
277,(4529.877 -0.016 4712.211),(0.715 0.003 0.699),(23.516 0.000 22.992),(-292.832 0.007 -283.944),4250.949,5.000,1.000,0.000,0.014,(36.288 0.000 35.121)
277.2,(4534.602 -0.016 4716.829),(0.715 0.003 0.699),(23.706 0.000 23.167),(-295.376 0.007 -286.361),4284.426,5.000,1.000,0.000,0.014,(36.382 0.000 35.213)
277.4,(4539.364 -0.016 4721.481),(0.715 0.003 0.699),(23.894 0.000 23.345),(-297.791 -0.001 -288.655),4317.895,5.000,1.000,0.000,0.012,(35.215 0.004 34.083)
277.6,(4544.163 -0.016 4726.170),(0.715 0.003 0.699),(24.079 -0.001 23.525),(-299.831 -0.003 -290.580),4351.335,5.000,1.000,0.000,0.012,(33.535 -0.004 32.301)
277.8,(4548.999 -0.016 4730.895),(0.715 0.003 0.699),(24.270 -0.001 23.700),(-301.524 -0.004 -292.112),4384.737,5.000,1.000,0.000,0.016,(31.885 0.014 30.546)
278,(4553.875 -0.016 4735.652),(0.716 0.003 0.698),(24.469 -0.001 23.864),(-302.820 -0.006 -293.277),4418.032,5.000,1.000,0.000,0.017,(30.075 0.003 28.816)
278.2,(4558.791 -0.016 4740.442),(0.716 0.003 0.698),(24.678 -0.001 24.016),(-303.763 -0.005 -294.098),4451.224,5.000,1.000,0.000,0.019,(28.601 0.004 27.414)
278.4,(4563.750 -0.016 4745.262),(0.717 0.003 0.697),(24.889 0.000 24.166),(-304.352 -0.007 -294.589),4484.306,5.000,1.000,0.000,0.019,(27.033 0.003 25.834)
278.6,(4568.750 -0.016 4750.112),(0.718 0.003 0.696),(25.098 0.000 24.317),(-304.596 -0.006 -294.744),4517.279,5.000,1.000,0.000,0.017,(25.668 0.004 24.435)
278.8,(4573.792 -0.016 4754.993),(0.718 0.003 0.696),(25.295 0.000 24.478),(-304.530 -0.008 -294.593),4550.146,5.000,1.000,0.000,0.014,(24.250 0.003 23.030)
279,(4578.872 -0.016 4759.907),(0.719 0.003 0.696),(25.482 0.000 24.649),(-304.141 -0.009 -294.130),4582.910,5.000,1.000,0.000,0.012,(22.830 0.003 21.648)
279.2,(4583.987 -0.017 4764.856),(0.719 0.003 0.695),(25.665 -0.001 24.823),(-303.452 -0.009 -293.377),4615.559,5.000,1.000,0.000,0.012,(21.474 0.003 20.346)
279.4,(4589.140 -0.017 4769.840),(0.719 0.003 0.695),(25.843 0.000 25.000),(-302.438 -0.010 -292.314),4648.104,5.000,1.000,0.000,0.008,(20.034 0.003 18.973)
279.6,(4594.328 -0.017 4774.859),(0.718 0.003 0.696),(26.020 0.000 25.178),(-301.112 -0.009 -290.952),4680.542,5.000,1.000,0.000,0.008,(18.768 0.002 17.767)
279.8,(4599.552 -0.017 4779.914),(0.718 0.003 0.696),(26.200 0.000 25.351),(-299.480 -0.011 -289.296),4712.866,5.000,1.000,0.000,0.008,(17.326 0.002 16.400)
280,(4604.812 -0.017 4785.004),(0.718 0.003 0.696),(26.377 0.000 25.526),(-297.527 -0.012 -287.337),4745.083,5.000,1.000,0.000,0.006,(15.919 0.002 15.066)
280.2,(4610.106 -0.017 4790.128),(0.718 0.003 0.696),(26.553 0.000 25.701),(-295.262 -0.012 -285.089),4777.189,5.000,1.000,0.000,0.006,(14.475 0.005 13.786)
280.4,(4615.437 -0.017 4795.288),(0.718 0.003 0.696),(26.732 -0.001 25.871),(-292.669 -0.013 -282.544),4809.181,5.000,1.000,0.000,0.008,(13.017 0.001 12.476)
280.6,(4620.803 -0.017 4800.480),(0.718 0.003 0.696),(26.912 0.000 26.040),(-289.759 -0.012 -279.712),4841.065,5.000,1.000,0.000,0.008,(11.737 0.001 11.313)
280.8,(4626.205 -0.017 4805.707),(0.718 0.003 0.696),(27.088 -0.001 26.211),(-286.546 -0.014 -276.597),4872.833,5.000,1.000,0.000,0.008,(10.316 0.001 9.957)
281,(4631.642 -0.017 4810.967),(0.718 0.003 0.696),(27.264 0.000 26.381),(-283.016 -0.014 -273.177),4904.491,5.000,1.000,0.000,0.008,(8.916 0.001 8.618)
281.2,(4637.113 -0.017 4816.262),(0.718 0.003 0.696),(27.439 0.000 26.550),(-279.193 -0.014 -269.478),4936.036,5.000,1.000,0.000,0.008,(7.623 0.001 7.374)
281.4,(4642.620 -0.018 4821.590),(0.718 0.003 0.696),(27.614 0.000 26.719),(-275.058 -0.015 -265.477),4967.468,5.000,1.000,0.000,0.008,(6.220 0.001 6.018)
281.6,(4648.162 -0.018 4826.953),(0.718 0.003 0.696),(27.787 0.000 26.887),(-270.617 -0.014 -261.180),4998.787,5.000,1.000,0.000,0.008,(4.960 0.001 4.801)
281.8,(4653.738 -0.018 4832.348),(0.718 0.003 0.696),(27.961 0.000 27.055),(-265.892 -0.014 -256.609),5029.992,5.000,1.000,0.000,0.008,(3.707 0.000 3.588)
282,(4659.350 -0.018 4837.778),(0.718 0.003 0.696),(28.133 0.000 27.222),(-260.879 -0.015 -251.760),5061.084,5.000,1.000,0.000,0.008,(2.425 0.000 2.347)
282.2,(4664.995 -0.018 4843.240),(0.718 0.003 0.696),(28.305 0.000 27.388),(-255.588 -0.015 -246.641),5092.063,5.000,1.000,0.000,0.008,(1.149 0.000 1.112)
282.4,(4670.675 -0.018 4848.735),(0.719 0.003 0.695),(28.483 -0.001 27.548),(-249.990 -0.014 -241.226),5122.921,5.000,1.000,0.000,0.012,(0.011 0.000 0.010)
282.6,(4676.392 -0.018 4854.262),(0.719 0.003 0.695),(28.665 -0.001 27.701),(-244.273 -0.008 -235.697),5153.671,5.000,1.000,0.000,0.014,(-0.020 0.000 -0.019)
282.8,(4682.145 -0.018 4859.819),(0.719 0.003 0.695),(28.842 0.000 27.858),(-238.514 -0.010 -230.134),5184.308,5.000,1.000,0.000,0.012,(-0.018 0.000 -0.018)
283,(4687.932 -0.018 4865.409),(0.719 0.003 0.695),(29.018 -0.001 28.016),(-232.722 -0.009 -224.540),5214.815,5.000,1.000,0.000,0.012,(-0.017 0.000 -0.017)
283.2,(4693.755 -0.018 4871.029),(0.719 0.004 0.695),(29.196 -0.001 28.169),(-226.894 -0.010 -218.915),5245.223,5.000,1.000,0.000,0.016,(-0.017 0.000 -0.016)
283.4,(4699.615 -0.019 4876.678),(0.720 0.003 0.694),(29.392 -0.001 28.303),(-221.029 -0.010 -213.261),5275.505,5.000,1.000,0.000,0.017,(-0.016 0.000 -0.015)
283.6,(4705.516 -0.019 4882.353),(0.721 0.004 0.693),(29.594 0.000 28.430),(-215.124 -0.010 -207.582),5305.672,5.000,1.000,0.000,0.016,(-0.015 0.000 -0.015)
283.8,(4711.455 -0.019 4888.054),(0.721 0.004 0.693),(29.778 0.000 28.573),(-209.179 -0.010 -201.876),5335.730,5.000,1.000,0.000,0.010,(-0.015 0.000 -0.014)
284,(4717.428 -0.019 4893.787),(0.721 0.004 0.693),(29.935 -0.001 28.744),(-203.202 -0.010 -196.138),5365.662,5.000,1.000,0.000,0.004,(-0.014 0.000 -0.014)
284.2,(4723.432 -0.019 4899.553),(0.721 0.004 0.693),(30.098 0.000 28.906),(-197.211 -0.008 -190.384),5395.499,5.000,1.000,0.000,0.004,(0.318 0.000 0.308)
284.4,(4729.470 -0.019 4905.353),(0.721 0.004 0.693),(30.263 -0.001 29.065),(-191.271 -0.009 -184.681),5425.201,5.000,1.000,0.000,0.004,(0.568 0.000 0.550)
284.6,(4735.541 -0.019 4911.183),(0.721 0.004 0.693),(30.425 -0.001 29.227),(-185.324 -0.010 -178.971),5454.792,5.000,1.000,0.000,0.000,(0.660 0.000 0.639)
284.8,(4741.643 -0.019 4917.047),(0.721 0.004 0.693),(30.584 0.000 29.390),(-179.362 -0.010 -173.242),5484.279,5.000,1.000,0.000,0.000,(0.730 0.000 0.707)
285,(4747.777 -0.019 4922.942),(0.721 0.004 0.693),(30.748 -0.001 29.547),(-173.381 -0.010 -167.494),5513.629,5.000,1.000,0.000,0.000,(0.794 0.000 0.768)
285.2,(4753.944 -0.019 4928.869),(0.721 0.004 0.693),(30.911 0.000 29.704),(-167.380 -0.010 -161.728),5542.872,5.000,1.000,0.000,0.000,(0.856 0.000 0.829)
285.4,(4760.144 -0.020 4934.827),(0.721 0.004 0.693),(31.073 0.000 29.860),(-161.358 -0.010 -155.941),5571.997,5.000,1.000,0.000,0.000,(0.917 0.000 0.888)
285.6,(4766.376 -0.020 4940.816),(0.721 0.004 0.693),(31.234 0.000 30.015),(-155.317 -0.010 -150.137),5601.006,5.000,1.000,0.000,0.000,(0.978 0.000 0.947)
285.8,(4772.641 -0.020 4946.836),(0.721 0.004 0.693),(31.395 0.000 30.170),(-149.255 -0.010 -144.313),5629.895,5.000,1.000,0.000,-0.002,(1.039 0.000 1.005)
286,(4778.937 -0.020 4952.887),(0.721 0.004 0.693),(31.546 -0.001 30.334),(-143.174 -0.011 -138.469),5658.664,5.000,1.000,0.000,-0.006,(1.099 0.000 1.063)
286.2,(4785.263 -0.020 4958.971),(0.721 0.004 0.693),(31.702 0.000 30.491),(-137.073 -0.011 -132.604),5687.329,5.000,1.000,0.000,-0.006,(1.158 0.000 1.121)
286.4,(4791.620 -0.020 4965.086),(0.721 0.004 0.693),(31.861 -0.001 30.644),(-130.954 -0.011 -126.719),5715.856,5.000,1.000,0.000,-0.006,(1.217 0.000 1.178)
286.6,(4798.010 -0.020 4971.232),(0.721 0.004 0.693),(32.023 -0.001 30.792),(-124.814 -0.011 -120.815),5744.272,5.000,1.000,0.000,-0.002,(1.275 0.000 1.234)
286.8,(4804.434 -0.020 4977.405),(0.721 0.004 0.693),(32.193 0.000 30.930),(-118.652 -0.011 -114.895),5772.578,5.000,1.000,0.000,0.002,(1.333 0.000 1.290)
287,(4810.890 -0.020 4983.607),(0.721 0.004 0.693),(32.352 0.000 31.080),(-112.465 -0.011 -108.959),5800.763,5.000,1.000,0.000,0.002,(1.348 -0.001 1.377)
287.2,(4817.377 -0.020 4989.840),(0.721 0.004 0.693),(32.507 -0.001 31.232),(-106.259 -0.011 -103.002),5828.826,5.000,1.000,0.000,0.000,(1.436 0.003 1.399)
287.4,(4823.895 -0.021 4996.104),(0.721 0.004 0.693),(32.659 0.000 31.384),(-100.034 -0.011 -97.024),5856.777,5.000,1.000,0.000,0.000,(1.491 -0.001 1.455)
287.6,(4830.436 -0.020 5002.389),(0.721 0.002 0.693),(32.697 0.000 31.421),(-93.794 -0.010 -91.038),5869.089,5.000,0.107,0.000,0.000,(1.498 0.000 1.545)
287.8,(4836.951 -0.019 5008.650),(0.721 0.000 0.693),(32.479 0.001 31.213),(-87.591 -0.009 -85.085),5832.528,5.000,0.000,0.000,-0.002,(1.588 0.004 1.561)
288,(4843.422 -0.019 5014.870),(0.721 0.000 0.693),(32.249 0.001 31.006),(-81.442 -0.009 -79.185),5792.761,5.000,0.000,0.000,-0.006,(1.586 -0.007 1.660)
288.2,(4849.845 -0.019 5021.049),(0.721 0.000 0.693),(32.017 0.001 30.807),(-75.348 -0.009 -73.336),5753.051,5.000,0.000,0.000,-0.006,(1.681 0.004 1.667)
288.4,(4856.225 -0.018 5027.188),(0.720 0.000 0.694),(31.787 0.001 30.607),(-69.307 -0.009 -67.539),5713.739,5.000,0.000,0.000,-0.008,(1.680 -0.010 1.757)
288.6,(4862.555 -0.018 5033.289),(0.720 0.000 0.694),(31.534 0.000 30.408),(-63.323 -0.009 -61.792),5673.044,5.000,0.000,0.052,-0.012,(1.767 0.005 1.773)
288.8,(4868.808 -0.017 5039.327),(0.719 -0.003 0.695),(30.997 0.001 29.995),(-57.433 -0.007 -56.107),5591.809,5.000,0.000,0.215,-0.017,(1.834 -0.002 1.794)
289,(4874.917 -0.014 5045.254),(0.717 -0.007 0.697),(30.086 0.003 29.279),(-51.694 -0.005 -50.547),5451.880,5.000,0.000,0.472,-0.017,(1.870 0.002 1.860)
289.2,(4880.799 -0.012 5050.995),(0.715 -0.010 0.699),(28.815 0.004 28.195),(-46.191 -0.003 -45.183),5238.284,5.000,0.000,0.669,-0.017,(1.920 -0.001 1.909)
289.4,(4886.405 -0.011 5056.494),(0.713 -0.011 0.701),(27.365 0.004 26.895),(-40.978 -0.001 -40.068),4972.922,5.000,0.000,0.769,-0.016,(2.047 -0.009 1.863)
289.6,(4891.694 -0.008 5061.700),(0.712 -0.015 0.702),(25.640 0.004 25.279),(-36.089 0.001 -35.253),4519.727,5.000,0.000,0.993,-0.010,(2.020 0.005 1.989)
289.8,(4896.644 -0.008 5066.583),(0.712 -0.013 0.702),(24.041 0.004 23.715),(-31.548 0.001 -30.773),4223.768,5.000,0.000,1.000,-0.006,(2.071 -0.002 2.035)
290,(4901.274 -0.007 5071.152),(0.711 -0.014 0.703),(22.426 0.003 22.144),(-27.342 0.003 -26.607),3930.769,5.000,0.000,1.000,-0.006,(2.122 0.003 2.060)
290.2,(4905.585 -0.007 5075.413),(0.711 -0.013 0.703),(20.862 0.003 20.646),(-23.460 0.003 -22.764),3636.118,5.000,0.000,1.000,-0.004,(2.171 0.000 2.105)
290.4,(4909.598 -0.007 5079.382),(0.712 -0.012 0.702),(19.434 0.002 19.195),(-19.888 0.003 -19.222),3391.442,5.000,0.000,1.000,0.000,(2.218 0.000 2.151)
290.6,(4913.333 -0.006 5083.065),(0.713 -0.012 0.701),(18.061 0.003 17.779),(-16.601 0.003 -15.974),3130.320,5.000,0.000,1.000,0.008,(2.264 0.000 2.196)
290.8,(4916.795 -0.006 5086.465),(0.715 -0.012 0.699),(16.704 0.002 16.362),(-13.597 0.004 -13.017),2868.427,5.000,0.000,1.000,0.019,(2.310 0.000 2.240)
291,(4919.986 -0.005 5089.583),(0.718 -0.013 0.696),(15.364 0.002 14.935),(-10.872 0.004 -10.353),2618.044,5.000,0.000,1.000,0.017,(2.355 0.000 2.284)
291.2,(4922.912 -0.005 5092.414),(0.722 -0.013 0.692),(14.033 0.002 13.514),(-8.423 0.004 -7.982),2356.271,5.000,0.000,1.000,0.016,(2.399 0.000 2.327)
291.4,(4925.568 -0.004 5094.964),(0.725 -0.013 0.689),(12.697 0.002 12.108),(-6.251 0.005 -5.903),2095.164,5.000,0.000,1.000,0.017,(2.442 0.000 2.369)
291.6,(4927.958 -0.004 5097.234),(0.728 -0.013 0.685),(11.355 0.002 10.720),(-4.357 0.005 -4.106),1827.402,5.000,0.000,1.000,0.021,(2.579 -0.011 2.291)
291.8,(4929.968 -0.021 5099.130),(0.734 -0.062 0.677),(7.622 -0.965 7.166),(-2.923 -0.096 -2.771),1466.725,5.000,0.000,1.000,0.021,(4.770 1.221 4.864)
292,(4931.254 -0.003 5100.305),(0.748 -0.015 0.664),(5.605 0.212 5.064),(-2.533 -0.451 -2.588),1098.018,5.000,0.000,1.000,0.021,(4.325 1.083 4.839)
292.2,(4932.227 -0.002 5101.178),(0.750 -0.011 0.661),(4.246 -0.068 3.764),(-2.381 -0.600 -2.561),1096.325,5.000,0.000,1.000,0.021,(4.070 0.201 3.684)
292.4,(4932.908 -0.003 5101.779),(0.751 -0.015 0.660),(2.717 0.020 2.379),(-2.422 -0.550 -2.617),1094.491,5.000,0.000,1.000,0.019,(3.345 -0.487 2.769)
292.6,(4933.303 -0.003 5102.124),(0.752 -0.012 0.659),(1.340 -0.004 1.166),(-2.540 -0.324 -2.826),1099.922,5.000,0.000,1.000,0.017,(1.686 -1.007 2.596)
292.8,(4933.398 -0.012 5102.208),(0.755 -0.030 0.655),(-0.018 0.135 -0.023),(-2.736 -0.013 -3.222),1092.171,5.000,0.000,1.000,0.012,(1.176 -1.337 1.955)
293,(4933.396 -0.007 5102.207),(0.756 0.009 0.655),(-0.028 -0.006 -0.025),(-3.134 0.017 -3.552),1092.006,5.000,0.000,0.656,0.012,(2.330 0.370 1.300)
293.2,(4933.396 -0.010 5102.206),(0.756 -0.002 0.655),(0.012 -0.012 0.010),(-3.573 -0.007 -3.871),1092.177,5.000,0.000,0.269,0.006,(2.120 -0.117 1.791)
293.4,(4933.397 -0.009 5102.208),(0.756 0.000 0.655),(0.024 0.008 0.021),(-3.991 0.004 -4.241),1092.198,5.000,0.000,0.000,0.006,(2.126 0.032 1.867)
293.6,(4933.410 -0.009 5102.218),(0.756 0.001 0.655),(0.090 -0.003 0.078),(-4.417 -0.001 -4.600),1092.269,5.000,0.000,0.000,0.006,(2.220 -0.001 1.865)
293.8,(4933.433 -0.009 5102.239),(0.756 0.000 0.655),(0.144 0.001 0.124),(-4.844 0.000 -4.958),1092.335,5.000,0.000,0.000,0.006,(2.270 -0.002 1.910)
294,(4933.468 -0.009 5102.269),(0.756 0.001 0.655),(0.199 0.000 0.172),(-5.228 0.001 -5.332),1092.401,5.000,0.000,0.000,0.006,(1.777 -0.007 2.293)
294.2,(4933.513 -0.009 5102.307),(0.756 0.000 0.655),(0.244 0.000 0.211),(-5.589 0.001 -5.722),1092.455,5.000,0.000,0.000,0.006,(2.150 -0.002 2.047)
294.4,(4933.566 -0.009 5102.353),(0.756 0.000 0.655),(0.285 0.000 0.246),(-5.978 0.000 -6.079),1095.028,5.000,0.060,0.000,0.006,(2.216 0.003 2.053)
294.6,(4933.628 -0.009 5102.407),(0.756 0.000 0.655),(0.331 0.000 0.286),(-6.360 0.000 -6.445),1110.220,5.000,0.492,0.000,0.006,(2.243 0.001 2.121)
294.8,(4933.700 -0.009 5102.468),(0.756 0.000 0.655),(0.370 0.000 0.320),(-6.742 0.000 -6.813),1119.841,5.000,0.551,0.000,0.006,(2.290 -0.001 2.165)
295,(4933.779 -0.009 5102.537),(0.756 0.001 0.655),(0.424 0.000 0.367),(-7.126 0.000 -7.181),1174.890,5.000,0.604,0.000,0.006,(2.336 0.000 2.208)
295.2,(4933.869 -0.009 5102.615),(0.756 0.000 0.655),(0.471 0.000 0.407),(-7.508 0.000 -7.550),1176.278,5.000,0.615,0.000,0.006,(2.382 0.000 2.251)
295.4,(4933.970 -0.009 5102.702),(0.756 0.001 0.655),(0.530 0.000 0.459),(-7.889 0.000 -7.918),1216.118,5.000,0.734,0.000,0.006,(2.427 0.000 2.294)
295.6,(4934.082 -0.009 5102.798),(0.756 0.001 0.655),(0.595 0.000 0.515),(-8.267 0.000 -8.285),1289.847,5.000,0.894,0.000,0.006,(2.471 0.000 2.335)
295.8,(4934.211 -0.009 5102.911),(0.756 0.001 0.655),(0.693 0.000 0.599),(-8.636 0.000 -8.644),1312.038,5.000,0.899,0.000,0.006,(2.514 0.000 2.376)
296,(4934.357 -0.009 5103.037),(0.756 0.001 0.655),(0.768 0.000 0.664),(-8.999 0.000 -8.998),1316.173,5.000,0.903,0.000,0.006,(2.557 0.000 2.417)
296.2,(4934.521 -0.009 5103.179),(0.756 0.001 0.655),(0.844 0.000 0.730),(-9.351 0.000 -9.343),1296.159,5.000,0.907,0.000,0.006,(2.599 0.000 2.456)
296.4,(4934.699 -0.009 5103.333),(0.756 0.001 0.655),(0.935 0.000 0.809),(-9.696 0.000 -9.685),1327.441,5.000,0.913,0.000,0.006,(2.640 0.000 2.495)
296.6,(4934.895 -0.009 5103.502),(0.756 0.001 0.655),(1.011 0.000 0.875),(-10.038 0.000 -10.009),1321.916,5.000,0.917,0.000,0.006,(2.687 0.003 2.505)
296.8,(4935.108 -0.009 5103.685),(0.756 0.001 0.655),(1.107 0.000 0.957),(-10.367 0.000 -10.331),1341.699,5.000,0.968,0.000,0.006,(2.729 -0.001 2.541)
297,(4935.339 -0.009 5103.885),(0.756 0.001 0.655),(1.194 0.000 1.033),(-10.686 0.000 -10.643),1364.859,5.000,1.000,0.000,0.004,(2.769 0.000 2.578)
297.2,(4935.590 -0.010 5104.103),(0.756 0.001 0.655),(1.306 0.000 1.132),(-10.994 0.000 -10.945),1374.106,5.000,1.000,0.000,-0.004,(2.808 0.000 2.614)
297.4,(4935.860 -0.009 5104.337),(0.756 0.001 0.655),(1.396 0.000 1.212),(-11.289 0.000 -11.237),1377.020,5.000,1.000,0.000,-0.004,(2.846 0.000 2.650)
297.6,(4936.152 -0.010 5104.590),(0.756 0.001 0.655),(1.510 0.000 1.311),(-11.571 0.000 -11.519),1383.630,5.000,1.000,0.000,-0.004,(2.884 0.000 2.685)
297.8,(4936.462 -0.009 5104.859),(0.756 0.001 0.655),(1.602 0.000 1.391),(-11.833 0.000 -11.796),1387.490,5.000,1.000,0.000,-0.006,(2.881 0.001 2.739)
298,(4936.794 -0.009 5105.147),(0.756 0.001 0.655),(1.696 0.000 1.475),(-12.083 0.000 -12.058),1368.656,5.000,1.000,0.000,-0.010,(2.925 0.002 2.766)
298.2,(4937.146 -0.009 5105.453),(0.756 0.001 0.655),(1.807 0.000 1.573),(-12.320 0.000 -12.310),1397.658,5.000,1.000,0.000,-0.012,(2.961 -0.001 2.800)
298.4,(4937.518 -0.009 5105.777),(0.756 0.001 0.655),(1.901 0.000 1.655),(-12.544 0.000 -12.549),1393.281,5.000,1.000,0.000,-0.012,(2.995 0.000 2.833)
298.6,(4937.911 -0.010 5106.119),(0.756 0.001 0.655),(2.015 0.000 1.754),(-12.754 0.000 -12.777),1407.863,5.000,1.000,0.000,-0.012,(3.030 0.000 2.865)
298.8,(4938.323 -0.009 5106.479),(0.756 0.001 0.655),(2.108 0.000 1.836),(-12.951 0.000 -12.994),1409.186,5.000,1.000,0.000,-0.012,(3.063 0.000 2.897)
299,(4938.758 -0.010 5106.857),(0.756 0.001 0.655),(2.223 0.000 1.937),(-13.128 0.000 -13.201),1418.244,5.000,1.000,0.000,-0.016,(3.010 -0.015 2.996)
299.2,(4939.212 -0.009 5107.253),(0.755 0.001 0.655),(2.314 0.000 2.023),(-13.288 0.000 -13.399),1421.788,5.000,1.000,0.000,-0.027,(3.094 0.007 2.971)
299.4,(4939.687 -0.010 5107.669),(0.755 0.001 0.656),(2.424 0.000 2.131),(-13.435 0.000 -13.581),1428.853,5.000,1.000,0.000,-0.035,(3.124 -0.002 3.005)
299.6,(4940.179 -0.009 5108.103),(0.753 0.001 0.658),(2.513 0.000 2.220),(-13.570 0.000 -13.751),1433.290,5.000,1.000,0.000,-0.039,(3.155 0.001 3.035)
299.8,(4940.694 -0.009 5108.558),(0.752 0.001 0.659),(2.605 0.000 2.311),(-13.678 0.000 -13.914),1415.191,5.000,1.000,0.000,-0.043,(3.137 0.001 3.090)
300,(4941.228 -0.010 5109.030),(0.751 0.001 0.661),(2.713 0.000 2.419),(-13.778 -0.001 -14.060),1444.560,5.000,1.000,0.000,-0.047,(3.176 0.002 3.110)
300.2,(4941.781 -0.009 5109.524),(0.749 0.001 0.663),(2.801 0.000 2.512),(-13.863 0.000 -14.192),1441.141,5.000,1.000,0.000,-0.051,(3.206 -0.001 3.139)
300.4,(4942.354 -0.010 5110.038),(0.747 0.001 0.665),(2.910 0.000 2.624),(-13.934 0.000 -14.309),1455.928,5.000,1.000,0.000,-0.051,(3.235 0.000 3.167)
300.6,(4942.946 -0.009 5110.571),(0.745 0.001 0.667),(2.997 0.000 2.717),(-13.992 0.000 -14.412),1458.093,5.000,1.000,0.000,-0.051,(3.263 0.000 3.195)
300.8,(4943.559 -0.010 5111.126),(0.743 0.001 0.669),(3.107 0.000 2.831),(-14.036 0.000 -14.499),1467.524,5.000,1.000,0.000,-0.051,(3.291 0.000 3.222)
301,(4944.189 -0.010 5111.702),(0.741 0.001 0.671),(3.193 0.000 2.926),(-14.066 0.000 -14.571),1471.799,5.000,1.000,0.000,-0.051,(3.318 0.000 3.249)
301.2,(4944.840 -0.010 5112.299),(0.739 0.001 0.673),(3.303 0.000 3.042),(-14.082 0.000 -14.626),1479.406,5.000,1.000,0.000,-0.051,(3.345 0.000 3.275)
301.4,(4945.509 -0.010 5112.916),(0.737 0.001 0.675),(3.389 0.000 3.138),(-14.084 0.000 -14.667),1484.521,5.000,1.000,0.000,-0.051,(3.371 0.000 3.300)
301.6,(4946.198 -0.010 5113.554),(0.735 0.001 0.678),(3.478 0.000 3.238),(-14.072 0.000 -14.691),1467.364,5.000,1.000,0.000,-0.051,(3.396 0.000 3.325)
301.8,(4946.906 -0.010 5114.213),(0.734 0.001 0.680),(3.583 0.000 3.355),(-14.046 0.000 -14.701),1497.103,5.000,1.000,0.000,-0.051,(3.422 0.000 3.350)
302,(4947.634 -0.010 5114.895),(0.732 0.001 0.682),(3.670 0.000 3.455),(-14.006 0.000 -14.692),1494.855,5.000,1.000,0.000,-0.051,(3.446 0.000 3.374)
302.2,(4948.380 -0.010 5115.597),(0.730 0.001 0.684),(3.777 0.000 3.575),(-13.955 0.000 -14.661),1509.854,5.000,1.000,0.000,-0.051,(3.552 -0.004 3.291)
302.4,(4949.146 -0.010 5116.321),(0.728 0.001 0.686),(3.862 0.000 3.676),(-13.893 0.000 -14.608),1513.019,5.000,1.000,0.000,-0.051,(3.513 0.007 3.378)
302.6,(4949.931 -0.010 5117.070),(0.726 0.001 0.688),(3.969 0.000 3.799),(-13.813 -0.001 -14.538),1522.894,5.000,1.000,0.000,-0.053,(3.539 -0.002 3.399)
302.8,(4950.733 -0.010 5117.839),(0.723 0.001 0.691),(4.050 0.000 3.905),(-13.722 0.000 -14.451),1528.018,5.000,1.000,0.000,-0.058,(3.563 0.001 3.422)
303,(4951.556 -0.010 5118.634),(0.721 0.001 0.693),(4.153 0.000 4.034),(-13.619 0.000 -14.333),1536.270,5.000,1.000,0.000,-0.058,(3.647 0.002 3.352)
303.2,(4952.394 -0.010 5119.449),(0.718 0.001 0.696),(4.228 0.000 4.135),(-13.505 -0.001 -14.198),1476.733,5.000,0.579,0.000,-0.057,(3.629 0.005 3.416)
303.4,(4953.243 -0.009 5120.279),(0.716 0.000 0.698),(4.229 0.000 4.161),(-13.387 0.000 -14.055),1195.211,5.000,0.084,0.000,-0.045,(3.722 -0.002 3.501)
303.6,(4954.086 -0.009 5121.108),(0.714 0.000 0.700),(4.191 0.000 4.136),(-13.313 0.001 -13.950),1103.940,5.000,0.183,0.000,-0.029,(3.951 0.001 3.717)
303.8,(4954.922 -0.009 5121.932),(0.713 0.000 0.701),(4.169 0.000 4.111),(-13.294 0.001 -13.894),1281.147,5.000,0.529,0.000,-0.012,(4.184 0.000 3.936)
304,(4955.758 -0.009 5122.755),(0.713 0.000 0.701),(4.199 0.000 4.130),(-13.319 0.001 -13.882),1407.365,5.000,0.664,0.000,-0.002,(4.422 0.000 4.160)
304.2,(4956.603 -0.009 5123.585),(0.713 0.000 0.701),(4.239 0.000 4.164),(-13.386 0.001 -13.909),1439.956,5.000,0.734,0.000,0.002,(4.665 0.000 4.388)
304.4,(4957.457 -0.009 5124.425),(0.713 0.001 0.701),(4.302 0.000 4.226),(-13.491 0.001 -13.972),1457.991,5.000,0.738,0.000,0.002,(4.913 0.000 4.621)
304.6,(4958.322 -0.009 5125.275),(0.713 0.001 0.701),(4.352 0.000 4.276),(-13.629 0.001 -14.076),1473.916,5.000,0.796,0.000,0.000,(4.994 -0.015 5.013)
304.8,(4959.200 -0.010 5126.139),(0.713 0.001 0.701),(4.430 0.000 4.356),(-13.796 0.001 -14.222),1503.593,5.000,0.842,0.000,-0.004,(5.358 0.008 5.138)
305,(4960.092 -0.010 5127.016),(0.713 0.001 0.701),(4.498 0.000 4.425),(-14.005 0.001 -14.401),1518.880,5.000,0.875,0.000,-0.004,(5.611 -0.003 5.388)
305.2,(4961.001 -0.010 5127.910),(0.713 0.001 0.701),(4.575 0.000 4.500),(-14.246 0.001 -14.613),1506.643,5.000,0.891,0.000,-0.004,(5.869 0.000 5.635)
305.4,(4961.926 -0.010 5128.820),(0.713 0.001 0.701),(4.670 0.000 4.593),(-14.524 0.001 -14.858),1544.273,5.000,0.913,0.000,-0.004,(6.129 0.000 5.885)
305.6,(4962.870 -0.010 5129.748),(0.713 0.001 0.701),(4.751 0.000 4.673),(-14.834 0.001 -15.133),1542.855,5.000,0.913,0.000,-0.004,(6.389 0.000 6.134)
305.8,(4963.831 -0.010 5130.693),(0.713 0.001 0.701),(4.852 0.000 4.772),(-15.179 0.001 -15.440),1560.257,5.000,0.924,0.000,-0.004,(6.648 0.000 6.383)
306,(4964.811 -0.010 5131.657),(0.713 0.001 0.701),(4.937 0.000 4.854),(-15.558 0.001 -15.778),1566.266,5.000,0.932,0.000,-0.002,(6.903 0.000 6.628)
306.2,(4965.810 -0.010 5132.639),(0.713 0.001 0.701),(5.043 0.000 4.957),(-15.967 0.001 -16.146),1577.572,5.000,0.933,0.000,0.000,(7.155 0.000 6.869)
306.4,(4966.827 -0.010 5133.638),(0.713 0.001 0.701),(5.129 0.000 5.040),(-16.420 0.002 -16.559),1583.153,5.000,0.935,0.000,0.000,(7.597 0.000 7.294)
306.6,(4967.865 -0.010 5134.658),(0.713 0.001 0.701),(5.236 0.000 5.146),(-16.985 0.004 -17.077),1592.841,5.000,0.938,0.000,0.000,(8.360 -0.001 8.027)
306.8,(4968.920 -0.010 5135.695),(0.713 0.001 0.701),(5.323 0.000 5.231),(-17.678 0.002 -17.718),1599.547,5.000,0.939,0.000,0.000,(8.902 0.000 8.547)
307,(4969.996 -0.010 5136.752),(0.713 0.001 0.701),(5.413 0.000 5.320),(-18.399 0.002 -18.386),1584.568,5.000,0.941,0.000,0.000,(9.259 0.000 8.890)
307.2,(4971.090 -0.010 5137.828),(0.713 0.001 0.701),(5.520 0.000 5.425),(-19.247 0.005 -19.175),1614.864,5.000,0.941,0.000,0.000,(10.062 -0.001 9.661)
307.4,(4972.205 -0.010 5138.923),(0.713 0.001 0.701),(5.610 0.000 5.513),(-20.210 0.003 -20.075),1616.698,5.000,0.951,0.000,0.000,(10.650 0.000 10.225)
307.6,(4973.339 -0.010 5140.038),(0.713 0.001 0.701),(5.722 0.000 5.624),(-21.267 0.003 -21.063),1636.224,5.000,0.964,0.000,0.000,(11.190 -0.001 10.744)
307.8,(4974.493 -0.010 5141.173),(0.713 0.001 0.701),(5.816 0.000 5.716),(-22.408 0.003 -22.133),1641.803,5.000,0.964,0.000,0.000,(11.717 -0.001 11.250)
308,(4975.669 -0.010 5142.329),(0.713 0.001 0.701),(5.932 0.000 5.829),(-23.633 0.003 -23.283),1652.706,5.000,0.965,0.000,0.000,(12.244 -0.001 11.756)
308.2,(4976.865 -0.010 5143.504),(0.713 0.001 0.701),(6.028 0.000 5.923),(-24.945 0.003 -24.515),1667.636,5.000,1.000,0.000,0.002,(12.770 -0.001 12.260)
308.4,(4978.083 -0.010 5144.703),(0.713 0.001 0.701),(6.154 0.000 6.044),(-26.338 0.003 -25.824),1679.471,5.000,1.000,0.000,0.004,(13.295 -0.001 12.765)
308.6,(4979.324 -0.010 5145.921),(0.713 0.001 0.701),(6.256 0.000 6.143),(-27.814 0.003 -27.213),1687.385,5.000,1.000,0.000,0.006,(13.819 -0.001 13.268)
308.8,(4980.588 -0.010 5147.163),(0.713 0.001 0.701),(6.362 0.000 6.245),(-29.371 0.004 -28.681),1675.149,5.000,1.000,0.000,0.006,(14.343 -0.001 13.771)
309,(4981.875 -0.010 5148.425),(0.713 0.001 0.701),(6.487 0.000 6.365),(-31.011 0.004 -30.228),1705.571,5.000,1.000,0.000,0.010,(14.866 -0.001 14.273)
309.2,(4983.184 -0.010 5149.709),(0.713 0.001 0.701),(6.591 0.000 6.466),(-32.731 0.004 -31.854),1708.629,5.000,1.000,0.000,0.010,(15.388 -0.001 14.774)
309.4,(4984.516 -0.010 5151.016),(0.713 0.001 0.701),(6.717 0.000 6.590),(-34.535 0.004 -33.557),1724.205,5.000,1.000,0.000,0.010,(15.909 -0.001 15.275)
309.6,(4985.871 -0.010 5152.345),(0.713 0.001 0.701),(6.823 0.000 6.690),(-36.384 0.001 -35.305),1731.512,5.000,1.000,0.000,0.014,(16.014 0.000 15.375)
309.8,(4987.250 -0.010 5153.698),(0.713 0.001 0.701),(6.952 0.000 6.814),(-38.257 0.005 -37.074),1743.364,5.000,1.000,0.000,0.016,(16.500 -0.001 15.842)
310,(4988.651 -0.010 5155.071),(0.714 0.001 0.701),(7.058 0.000 6.915),(-40.199 0.003 -38.911),1751.926,5.000,1.000,0.000,0.016,(16.886 0.000 16.212)
310.2,(4990.077 -0.010 5156.467),(0.714 0.001 0.701),(7.187 0.000 7.041),(-42.191 0.004 -40.796),1763.076,5.000,1.000,0.000,0.016,(17.259 -0.001 16.571)
310.4,(4991.525 -0.010 5157.886),(0.714 0.001 0.700),(7.293 0.000 7.144),(-44.236 0.004 -42.731),1772.156,5.000,1.000,0.000,0.016,(17.633 -0.001 16.930)
310.6,(4992.997 -0.010 5159.328),(0.714 0.001 0.700),(7.402 0.000 7.250),(-46.332 0.004 -44.714),1762.541,5.000,1.000,0.000,0.016,(18.005 -0.001 17.287)
310.8,(4994.491 -0.010 5160.791),(0.714 0.001 0.700),(7.532 0.000 7.373),(-48.480 0.004 -46.749),1792.780,5.000,1.000,0.000,0.017,(18.377 -0.001 17.644)
311,(4996.011 -0.010 5162.278),(0.714 0.001 0.700),(7.644 0.000 7.474),(-50.676 0.004 -48.829),1798.197,5.000,1.000,0.000,0.021,(18.748 -0.001 18.000)
311.2,(4997.555 -0.010 5163.787),(0.715 0.001 0.699),(7.779 0.000 7.597),(-52.922 0.004 -50.959),1813.951,5.000,1.000,0.000,0.021,(19.117 -0.001 18.355)
311.4,(4999.123 -0.010 5165.317),(0.715 0.001 0.699),(7.893 0.000 7.697),(-55.218 0.004 -53.139),1822.905,5.000,1.000,0.000,0.021,(19.486 -0.001 18.709)
311.6,(5000.717 -0.010 5166.870),(0.716 0.001 0.699),(8.030 0.000 7.821),(-57.563 0.004 -55.367),1835.731,5.000,1.000,0.000,0.021,(19.855 -0.001 19.063)
311.8,(5002.333 -0.010 5168.444),(0.716 0.001 0.698),(8.145 0.000 7.921),(-59.957 0.005 -57.644),1845.655,5.000,1.000,0.000,0.021,(20.222 -0.001 19.415)
312,(5003.978 -0.010 5170.041),(0.717 0.002 0.697),(8.286 0.000 8.044),(-62.397 0.005 -59.969),1858.145,5.000,1.000,0.000,0.025,(20.588 -0.001 19.767)
312.2,(5005.646 -0.010 5171.658),(0.717 0.001 0.697),(8.405 0.000 8.141),(-64.887 0.005 -62.344),1868.522,5.000,1.000,0.000,0.025,(20.953 -0.001 20.118)
312.4,(5007.341 -0.010 5173.299),(0.718 0.001 0.696),(8.526 0.000 8.241),(-67.423 0.005 -64.765),1862.296,5.000,1.000,0.000,0.025,(21.318 -0.001 20.467)
312.6,(5009.062 -0.010 5174.959),(0.719 0.001 0.695),(8.669 0.000 8.361),(-70.006 0.005 -67.236),1891.927,5.000,1.000,0.000,0.025,(21.681 -0.001 20.816)
312.8,(5010.809 -0.010 5176.643),(0.720 0.001 0.694),(8.790 0.000 8.460),(-72.635 0.005 -69.754),1899.968,5.000,1.000,0.000,0.025,(22.043 -0.001 21.164)
313,(5012.583 -0.010 5178.348),(0.720 0.002 0.694),(8.936 0.000 8.582),(-75.269 0.003 -72.281),1915.978,5.000,1.000,0.000,0.025,(22.046 0.000 21.166)
313.2,(5014.382 -0.010 5180.076),(0.721 0.001 0.693),(9.059 0.000 8.680),(-77.918 0.006 -74.825),1926.655,5.000,1.000,0.000,0.025,(22.405 -0.001 21.511)
313.4,(5016.210 -0.011 5181.827),(0.722 0.002 0.692),(9.206 0.000 8.803),(-80.600 0.005 -77.402),1940.711,5.000,1.000,0.000,0.025,(22.646 0.000 21.743)
313.6,(5018.063 -0.010 5183.598),(0.723 0.001 0.691),(9.329 0.000 8.903),(-83.301 0.005 -79.999),1952.100,5.000,1.000,0.000,0.019,(22.877 -0.001 21.791)
313.8,(5019.945 -0.011 5185.393),(0.723 0.002 0.691),(9.471 0.000 9.034),(-86.042 0.005 -82.566),1966.157,5.000,1.000,0.000,0.017,(23.239 0.012 21.892)
314,(5021.850 -0.010 5187.209),(0.723 0.001 0.691),(9.590 0.000 9.140),(-88.812 0.005 -85.155),1977.965,5.000,1.000,0.000,0.017,(23.476 -0.004 22.128)
314.2,(5023.783 -0.010 5189.051),(0.724 0.001 0.690),(9.710 0.000 9.249),(-91.603 0.005 -87.764),1976.103,5.000,1.000,0.000,0.017,(23.718 0.000 22.355)
314.4,(5025.741 -0.011 5190.915),(0.724 0.002 0.690),(9.853 0.000 9.379),(-94.413 0.005 -90.396),2004.495,5.000,1.000,0.000,0.017,(23.959 -0.001 22.582)
314.6,(5027.726 -0.010 5192.804),(0.724 0.001 0.690),(9.974 0.000 9.487),(-97.245 0.005 -93.048),2015.263,5.000,1.000,0.000,0.016,(24.199 -0.001 22.809)
314.8,(5029.736 -0.011 5194.717),(0.724 0.002 0.690),(10.114 0.000 9.625),(-100.101 0.005 -95.723),2031.743,5.000,1.000,0.000,0.012,(24.439 0.000 23.035)
315,(5031.771 -0.010 5196.654),(0.724 0.001 0.690),(10.233 0.000 9.737),(-102.980 0.006 -98.417),2044.148,5.000,1.000,0.000,0.012,(24.678 -0.001 23.260)
315.2,(5033.833 -0.011 5198.616),(0.724 0.002 0.690),(10.374 0.000 9.876),(-105.881 0.005 -101.131),2059.744,5.000,1.000,0.000,0.008,(24.916 -0.001 23.484)
315.4,(5035.920 -0.011 5200.603),(0.724 0.001 0.690),(10.493 0.000 9.990),(-108.802 0.006 -103.866),2072.693,5.000,1.000,0.000,0.008,(25.153 -0.001 23.708)
315.6,(5038.035 -0.011 5202.616),(0.724 0.002 0.690),(10.638 0.000 10.128),(-111.744 0.006 -106.619),2088.526,5.000,1.000,0.000,0.008,(25.390 -0.001 23.931)
315.8,(5040.173 -0.011 5204.652),(0.724 0.002 0.690),(10.758 0.000 10.242),(-114.710 0.006 -109.393),2101.885,5.000,1.000,0.000,0.008,(25.626 -0.001 24.153)
316,(5042.340 -0.011 5206.715),(0.724 0.001 0.690),(10.879 0.000 10.358),(-117.694 0.006 -112.185),2105.572,5.000,1.000,0.000,0.008,(25.861 -0.001 24.374)
316.2,(5044.532 -0.011 5208.802),(0.724 0.002 0.690),(11.025 0.000 10.497),(-120.700 0.006 -114.997),2131.820,5.000,1.000,0.000,0.008,(26.095 -0.001 24.595)
316.4,(5046.751 -0.011 5210.916),(0.724 0.001 0.690),(11.146 0.000 10.613),(-123.726 0.006 -117.827),2145.127,5.000,1.000,0.000,0.006,(26.328 -0.001 24.815)
316.6,(5048.997 -0.011 5213.054),(0.724 0.002 0.690),(11.293 0.000 10.755),(-126.771 0.006 -120.676),2162.529,5.000,1.000,0.000,0.004,(26.561 -0.001 25.035)
316.8,(5051.268 -0.011 5215.218),(0.724 0.001 0.690),(11.413 0.000 10.874),(-129.838 0.006 -123.543),2176.605,5.000,1.000,0.000,0.002,(26.793 -0.001 25.253)
317,(5053.566 -0.011 5217.409),(0.724 0.002 0.690),(11.559 0.000 11.020),(-132.923 0.006 -126.427),2194.034,5.000,1.000,0.000,-0.004,(27.024 -0.001 25.471)
317.2,(5055.890 -0.011 5219.625),(0.724 0.001 0.690),(11.681 0.000 11.140),(-136.030 0.007 -129.329),2208.603,5.000,1.000,0.000,-0.004,(27.254 -0.001 25.688)
317.4,(5058.243 -0.011 5221.869),(0.724 0.002 0.690),(11.832 0.000 11.282),(-139.153 0.006 -132.246),2226.345,5.000,1.000,0.000,0.000,(27.484 -0.001 25.904)
317.6,(5060.621 -0.011 5224.135),(0.724 0.002 0.690),(11.961 0.000 11.395),(-142.296 0.007 -135.184),2241.346,5.000,1.000,0.000,0.006,(27.712 -0.001 26.120)
317.8,(5063.029 -0.011 5226.429),(0.724 0.002 0.690),(12.089 0.000 11.513),(-145.456 0.007 -138.139),2251.933,5.000,1.000,0.000,0.006,(27.940 -0.001 26.335)
318,(5065.464 -0.011 5228.747),(0.724 0.002 0.690),(12.241 0.000 11.658),(-148.634 0.007 -141.111),2274.871,5.000,1.000,0.000,0.006,(28.167 -0.001 26.549)
318.2,(5067.927 -0.011 5231.092),(0.724 0.001 0.690),(12.366 0.000 11.778),(-151.829 0.007 -144.099),2290.161,5.000,1.000,0.000,0.004,(28.393 -0.001 26.762)
318.4,(5070.417 -0.011 5233.464),(0.724 0.002 0.690),(12.519 0.000 11.926),(-155.043 0.007 -147.103),2309.196,5.000,1.000,0.000,0.004,(28.619 -0.001 26.974)
318.6,(5072.935 -0.011 5235.862),(0.724 0.001 0.690),(12.646 0.000 12.047),(-158.274 0.007 -150.123),2324.932,5.000,1.000,0.000,0.004,(28.843 -0.001 27.186)
318.8,(5075.481 -0.011 5238.288),(0.724 0.002 0.690),(12.804 0.000 12.192),(-161.522 0.007 -153.158),2344.335,5.000,1.000,0.000,0.008,(29.067 -0.001 27.397)
319,(5078.055 -0.011 5240.738),(0.724 0.002 0.690),(12.933 0.000 12.313),(-164.786 0.007 -156.210),2360.585,5.000,1.000,0.000,0.008,(29.290 -0.001 27.607)
319.2,(5080.658 -0.011 5243.217),(0.724 0.002 0.690),(13.088 0.000 12.462),(-168.065 0.007 -159.275),2380.309,5.000,1.000,0.000,0.006,(29.512 -0.001 27.816)
319.4,(5083.287 -0.011 5245.722),(0.724 0.002 0.690),(13.214 0.000 12.589),(-171.362 0.007 -162.357),2396.989,5.000,1.000,0.000,0.002,(29.733 -0.001 28.025)
319.6,(5085.945 -0.011 5248.255),(0.724 0.002 0.690),(13.342 0.000 12.713),(-174.675 0.008 -165.451),2415.622,5.000,1.000,0.000,0.000,(29.954 -0.001 28.233)
319.8,(5088.631 -0.012 5250.815),(0.724 0.002 0.690),(13.499 0.000 12.866),(-178.002 0.007 -168.528),2434.167,5.000,1.000,0.000,0.000,(30.259 -0.031 27.889)
320,(5091.346 -0.011 5253.402),(0.724 0.001 0.690),(13.629 0.000 12.990),(-181.403 0.008 -171.499),2450.910,5.000,1.000,0.000,0.000,(30.726 0.023 27.823)
320.2,(5094.089 -0.012 5256.017),(0.724 0.002 0.690),(13.789 0.000 13.142),(-184.828 0.007 -174.472),2470.600,5.000,1.000,0.000,0.000,(30.940 -0.007 28.037)
320.4,(5096.861 -0.011 5258.659),(0.724 0.002 0.690),(13.920 0.000 13.267),(-188.244 0.007 -177.459),2487.283,5.000,1.000,0.000,0.000,(30.609 -0.022 28.382)
320.6,(5099.663 -0.012 5261.330),(0.724 0.002 0.690),(14.080 0.000 13.420),(-191.557 0.008 -180.521),2513.144,5.000,1.000,0.000,0.000,(30.583 0.024 28.844)
320.8,(5102.492 -0.012 5264.026),(0.724 0.002 0.690),(14.213 0.000 13.546),(-194.872 0.008 -183.613),2536.884,5.000,1.000,0.000,0.000,(30.817 -0.007 29.034)
321,(5105.352 -0.012 5266.752),(0.724 0.002 0.690),(14.379 0.000 13.695),(-198.168 0.006 -186.688),2565.576,5.000,1.000,0.000,0.006,(30.769 0.002 28.990)
321.2,(5108.240 -0.012 5269.503),(0.724 0.002 0.690),(14.513 0.000 13.822),(-201.456 0.008 -189.755),2589.708,5.000,1.000,0.000,0.006,(30.950 -0.001 29.161)
321.4,(5111.159 -0.012 5272.283),(0.724 0.002 0.690),(14.649 0.000 13.951),(-204.744 0.008 -192.824),2607.603,5.000,1.000,0.000,0.006,(31.115 0.000 29.316)
321.6,(5114.107 -0.012 5275.091),(0.724 0.002 0.690),(14.812 0.000 14.106),(-208.038 0.008 -195.897),2643.039,5.000,1.000,0.000,0.008,(31.279 0.000 29.470)
321.8,(5117.086 -0.012 5277.927),(0.724 0.002 0.690),(14.955 0.000 14.229),(-211.333 0.008 -198.972),2666.836,5.000,1.000,0.000,0.016,(31.443 0.000 29.624)
322,(5120.096 -0.012 5280.789),(0.724 0.002 0.689),(15.127 0.000 14.381),(-214.630 0.008 -202.051),2696.896,5.000,1.000,0.000,0.016,(31.606 0.000 29.778)
322.2,(5123.137 -0.012 5283.679),(0.725 0.002 0.689),(15.271 0.000 14.505),(-217.929 0.008 -205.133),2721.323,5.000,1.000,0.000,0.016,(31.768 0.000 29.931)
322.4,(5126.210 -0.012 5286.598),(0.725 0.002 0.689),(15.442 0.000 14.660),(-221.228 0.008 -208.218),2751.282,5.000,1.000,0.000,0.016,(31.929 0.000 30.083)
322.6,(5129.313 -0.012 5289.542),(0.725 0.002 0.689),(15.588 0.000 14.785),(-224.527 0.008 -211.306),2776.166,5.000,1.000,0.000,0.016,(32.090 0.000 30.234)
322.8,(5132.450 -0.012 5292.517),(0.725 0.002 0.688),(15.761 0.000 14.942),(-227.826 0.008 -214.396),2806.214,5.000,1.000,0.000,0.016,(32.250 0.000 30.385)
323,(5135.616 -0.012 5295.517),(0.726 0.002 0.688),(15.908 0.000 15.068),(-231.128 0.008 -217.489),2831.435,5.000,1.000,0.000,0.016,(32.410 0.000 30.535)
323.2,(5138.815 -0.012 5298.546),(0.726 0.002 0.688),(16.055 0.000 15.198),(-234.428 0.008 -220.584),2850.110,5.000,1.000,0.000,0.016,(32.569 0.000 30.685)
323.4,(5142.046 -0.012 5301.603),(0.726 0.002 0.688),(16.232 0.000 15.353),(-237.729 0.008 -223.680),2887.135,5.000,1.000,0.000,0.016,(32.727 0.000 30.834)
323.6,(5145.309 -0.012 5304.688),(0.726 0.002 0.687),(16.376 0.000 15.486),(-241.028 0.008 -226.777),2911.940,5.000,1.000,0.000,0.010,(32.884 0.000 30.983)
323.8,(5148.603 -0.013 5307.804),(0.726 0.002 0.687),(16.546 0.000 15.653),(-244.328 0.008 -229.875),2943.262,5.000,1.000,0.000,0.008,(33.041 0.000 31.130)
324,(5151.928 -0.012 5310.950),(0.726 0.002 0.687),(16.691 0.000 15.788),(-247.629 0.008 -232.971),2968.692,5.000,1.000,0.000,0.008,(33.197 0.000 31.277)
324.2,(5155.285 -0.013 5314.125),(0.726 0.002 0.687),(16.867 0.000 15.952),(-250.928 0.008 -236.068),2999.854,5.000,1.000,0.000,0.010,(33.353 0.000 31.424)
324.4,(5158.674 -0.013 5317.328),(0.726 0.002 0.687),(17.016 0.000 16.084),(-254.227 0.008 -239.166),3025.699,5.000,1.000,0.000,0.012,(33.508 0.000 31.570)
324.6,(5162.096 -0.013 5320.563),(0.726 0.002 0.687),(17.192 0.000 16.250),(-257.523 0.008 -242.260),3056.884,5.000,1.000,0.000,0.012,(33.662 0.000 31.715)
324.8,(5165.548 -0.013 5323.825),(0.727 0.002 0.687),(17.328 0.000 16.376),(-260.820 0.008 -245.357),3081.816,5.000,0.835,0.000,0.008,(33.815 0.000 31.860)
325,(5169.021 -0.012 5327.109),(0.726 0.001 0.687),(17.375 0.000 16.427),(-264.127 0.009 -248.462),3087.572,5.000,0.492,0.000,0.006,(33.968 0.000 32.004)
325.2,(5172.497 -0.012 5330.395),(0.726 0.001 0.687),(17.369 0.000 16.426),(-267.462 0.009 -251.592),3093.051,5.000,0.447,0.000,0.004,(34.120 0.000 32.147)
325.4,(5175.973 -0.012 5333.683),(0.726 0.001 0.687),(17.392 0.000 16.453),(-270.827 0.009 -254.750),3095.942,5.000,0.664,0.000,0.004,(34.272 0.000 32.290)
325.6,(5179.460 -0.013 5336.981),(0.726 0.002 0.687),(17.481 0.000 16.530),(-274.210 0.009 -257.925),3110.815,5.000,0.718,0.000,0.008,(34.423 0.000 32.432)
325.8,(5182.964 -0.012 5340.293),(0.727 0.001 0.687),(17.556 0.000 16.589),(-277.606 0.009 -261.115),3122.997,5.000,0.733,0.000,0.010,(34.573 0.000 32.574)
326,(5186.486 -0.013 5343.621),(0.727 0.002 0.687),(17.652 0.000 16.677),(-281.016 0.009 -264.317),3139.855,5.000,0.734,0.000,0.010,(34.722 0.000 32.714)
326.2,(5190.023 -0.012 5346.963),(0.727 0.001 0.687),(17.727 0.000 16.748),(-284.440 0.009 -267.534),3153.146,5.000,0.755,0.000,0.006,(34.871 0.000 32.855)
326.4,(5193.579 -0.013 5350.324),(0.727 0.002 0.687),(17.827 0.000 16.846),(-287.874 0.009 -270.759),3171.100,5.000,0.756,0.000,0.006,(35.019 0.000 32.994)
326.6,(5197.152 -0.013 5353.699),(0.727 0.002 0.687),(17.909 0.000 16.915),(-291.321 0.009 -273.999),3185.134,5.000,0.755,0.000,0.012,(35.167 0.000 33.133)
326.8,(5200.745 -0.013 5357.090),(0.727 0.001 0.686),(17.999 0.000 16.978),(-294.778 0.009 -277.249),3192.998,5.000,0.756,0.000,0.016,(35.314 0.000 33.272)
327,(5204.357 -0.013 5360.495),(0.728 0.002 0.686),(18.116 0.000 17.057),(-298.166 0.010 -280.532),3217.226,5.000,0.757,0.000,0.016,(34.606 -0.011 33.819)
327.2,(5207.991 -0.013 5363.914),(0.728 0.001 0.685),(18.210 0.000 17.116),(-301.455 0.009 -283.908),3230.773,5.000,0.757,0.000,0.016,(34.670 0.012 34.040)
327.4,(5211.646 -0.013 5367.346),(0.729 0.002 0.685),(18.325 0.000 17.200),(-304.750 0.009 -287.298),3249.479,5.000,0.758,0.000,0.012,(34.817 -0.006 34.177)
327.6,(5215.319 -0.013 5370.794),(0.729 0.001 0.684),(18.407 0.000 17.271),(-308.056 0.010 -290.701),3263.428,5.000,0.758,0.000,0.008,(34.959 0.002 34.317)
327.8,(5219.012 -0.013 5374.259),(0.729 0.002 0.684),(18.510 0.000 17.370),(-311.371 0.009 -294.115),3281.943,5.000,0.762,0.000,0.008,(35.101 -0.001 34.456)
328,(5222.722 -0.013 5377.740),(0.729 0.002 0.684),(18.592 0.000 17.445),(-314.699 0.009 -297.492),3296.388,5.000,0.762,0.000,0.008,(35.463 -0.025 33.874)
328.2,(5226.453 -0.013 5381.240),(0.729 0.002 0.684),(18.701 0.000 17.542),(-318.120 0.010 -300.740),3315.032,5.000,0.763,0.000,0.012,(35.860 0.025 33.753)
328.4,(5230.201 -0.013 5384.754),(0.729 0.002 0.684),(18.790 0.000 17.611),(-321.558 0.009 -303.994),3329.738,5.000,0.773,0.000,0.012,(35.994 -0.008 33.902)
328.6,(5233.970 -0.013 5388.286),(0.730 0.002 0.684),(18.880 0.000 17.686),(-325.003 0.010 -307.256),3338.451,5.000,0.773,0.000,0.012,(36.137 0.002 34.036)
328.8,(5237.759 -0.013 5391.834),(0.730 0.002 0.684),(18.992 0.000 17.784),(-328.361 0.011 -310.558),3364.059,5.000,0.773,0.000,0.010,(35.356 -0.007 34.649)
329,(5241.567 -0.013 5395.401),(0.730 0.001 0.684),(19.079 0.000 17.861),(-331.632 0.009 -313.944),3378.538,5.000,0.773,0.000,0.010,(35.464 0.008 34.818)
329.2,(5245.396 -0.013 5398.984),(0.730 0.002 0.684),(19.190 0.000 17.962),(-334.912 0.010 -317.339),3398.398,5.000,0.773,0.000,0.010,(35.605 -0.005 34.954)
329.4,(5249.245 -0.013 5402.588),(0.730 0.002 0.684),(19.299 0.000 18.065),(-338.199 0.010 -320.741),3417.700,5.000,0.773,0.000,0.008,(35.744 0.001 35.090)
329.6,(5253.117 -0.013 5406.213),(0.730 0.002 0.684),(19.405 0.000 18.171),(-341.491 0.010 -324.149),3437.187,5.000,0.773,0.000,0.006,(35.853 -0.001 35.198)
329.8,(5257.010 -0.013 5409.859),(0.730 0.002 0.684),(19.515 0.000 18.274),(-344.757 0.009 -327.531),3456.645,5.000,0.773,0.000,0.006,(35.805 0.001 35.151)
330,(5260.925 -0.013 5413.525),(0.730 0.002 0.684),(19.625 0.000 18.377),(-348.014 0.010 -330.906),3476.144,5.000,0.773,0.000,0.006,(35.900 -0.001 35.244)
330.2,(5264.862 -0.013 5417.212),(0.730 0.002 0.684),(19.735 0.000 18.480),(-351.267 0.009 -334.278),3495.639,5.000,0.773,0.000,0.006,(35.995 0.000 35.337)
330.4,(5268.821 -0.013 5420.919),(0.730 0.002 0.684),(19.845 0.000 18.583),(-354.517 0.010 -337.648),3515.149,5.000,0.773,0.000,0.006,(36.089 0.000 35.429)
330.6,(5272.802 -0.013 5424.647),(0.730 0.002 0.684),(19.956 0.000 18.687),(-357.765 0.010 -341.017),3534.777,5.000,0.777,0.000,0.006,(36.183 0.000 35.521)
330.8,(5276.806 -0.014 5428.396),(0.730 0.002 0.684),(20.072 0.000 18.790),(-361.007 0.010 -344.382),3554.760,5.000,0.788,0.000,0.008,(36.276 0.000 35.612)
331,(5280.834 -0.014 5432.166),(0.730 0.002 0.684),(20.192 0.000 18.903),(-364.245 0.010 -347.744),3575.825,5.000,0.824,0.000,0.008,(36.369 0.000 35.704)
331.2,(5284.887 -0.014 5435.960),(0.730 0.002 0.684),(20.323 0.000 19.026),(-367.476 0.010 -351.101),3598.876,5.000,0.858,0.000,0.008,(36.461 0.000 35.794)
331.4,(5288.968 -0.014 5439.780),(0.730 0.002 0.684),(20.469 0.000 19.162),(-370.697 0.009 -354.450),3624.418,5.000,0.886,0.000,0.008,(36.553 0.000 35.884)
331.6,(5293.078 -0.014 5443.627),(0.730 0.002 0.684),(20.617 0.000 19.301),(-373.908 0.009 -357.790),3650.659,5.000,0.886,0.000,0.008,(36.644 0.000 35.974)
331.8,(5297.218 -0.014 5447.503),(0.730 0.002 0.684),(20.765 0.000 19.441),(-377.107 0.009 -361.119),3676.964,5.000,0.887,0.000,0.006,(36.735 0.000 36.064)
332,(5301.387 -0.014 5451.406),(0.730 0.002 0.684),(20.911 0.000 19.581),(-380.280 0.008 -364.430),3703.286,5.000,0.886,0.000,0.006,(36.424 -0.012 35.942)
332.2,(5305.585 -0.014 5455.338),(0.730 0.002 0.684),(21.060 0.000 19.720),(-383.295 0.007 -367.633),3729.609,5.000,0.886,0.000,0.006,(35.841 0.009 35.460)
332.4,(5309.813 -0.014 5459.297),(0.730 0.002 0.684),(21.209 0.000 19.860),(-386.057 -0.001 -370.589),3755.959,5.000,0.886,0.000,0.006,(34.189 0.004 33.821)
332.6,(5314.072 -0.014 5463.284),(0.730 0.002 0.684),(21.360 0.000 19.996),(-388.430 -0.001 -373.167),3782.335,5.000,0.886,0.000,0.008,(32.374 -0.003 32.188)
332.8,(5318.360 -0.014 5467.299),(0.730 0.002 0.684),(21.506 0.000 20.138),(-390.425 -0.002 -375.428),3808.706,5.000,0.886,0.000,0.006,(30.662 0.012 30.689)
333,(5322.678 -0.014 5471.342),(0.730 0.002 0.684),(21.655 0.000 20.278),(-392.065 -0.004 -377.346),3835.094,5.000,0.887,0.000,0.006,(29.089 0.002 29.085)
333.2,(5327.025 -0.014 5475.413),(0.730 0.002 0.684),(21.804 0.000 20.417),(-393.370 -0.003 -378.946),3861.526,5.000,0.886,0.000,0.006,(27.530 0.005 27.739)
333.4,(5331.403 -0.014 5479.511),(0.730 0.002 0.684),(21.953 0.000 20.557),(-394.327 -0.006 -380.226),3887.931,5.000,0.886,0.000,0.006,(25.959 0.005 26.176)
333.6,(5335.810 -0.014 5483.638),(0.730 0.002 0.684),(22.102 0.000 20.697),(-394.946 -0.005 -381.171),3914.366,5.000,0.886,0.000,0.006,(24.467 -0.006 24.797)
333.8,(5340.247 -0.015 5487.792),(0.730 0.002 0.684),(22.251 0.000 20.836),(-395.232 -0.007 -381.816),3940.772,5.000,0.886,0.000,0.006,(22.928 0.008 23.341)
334,(5344.713 -0.015 5491.975),(0.730 0.002 0.684),(22.396 0.000 20.973),(-395.194 -0.007 -382.135),3967.027,5.000,0.785,0.000,0.004,(21.506 0.003 21.852)
334.2,(5349.195 -0.014 5496.173),(0.730 0.000 0.684),(22.378 0.000 20.961),(-394.856 -0.006 -382.173),3969.376,5.000,0.000,0.000,0.004,(20.000 0.004 20.607)
334.4,(5353.652 -0.013 5500.348),(0.730 -0.001 0.684),(22.220 0.000 20.812),(-394.230 -0.007 -381.964),3942.194,5.000,0.000,0.000,0.004,(18.491 0.006 19.174)
334.6,(5358.081 -0.013 5504.496),(0.730 0.000 0.684),(22.094 0.000 20.694),(-393.361 -0.006 -381.505),3918.164,5.000,0.258,0.000,0.004,(17.236 -0.005 17.922)
334.8,(5362.492 -0.014 5508.627),(0.730 0.001 0.684),(22.027 0.000 20.632),(-392.243 -0.008 -380.803),3905.700,5.000,0.333,0.000,0.004,(15.841 0.003 16.560)
335,(5366.896 -0.014 5512.753),(0.730 0.001 0.684),(22.025 0.000 20.630),(-390.855 -0.009 -379.837),3904.000,5.000,0.536,0.000,0.004,(14.457 0.003 15.188)
335.2,(5371.304 -0.014 5516.882),(0.730 0.001 0.684),(22.056 0.000 20.665),(-389.203 -0.009 -378.610),3909.480,5.000,0.569,0.000,0.002,(13.185 0.002 13.925)
335.4,(5375.720 -0.014 5521.020),(0.730 0.002 0.684),(22.100 0.000 20.706),(-387.277 -0.010 -377.105),3917.177,5.000,0.596,0.000,0.002,(11.839 0.002 12.522)
335.6,(5380.145 -0.014 5525.167),(0.730 0.002 0.684),(22.152 0.000 20.751),(-385.083 -0.009 -375.320),3925.928,5.000,0.599,0.000,0.006,(10.637 0.001 11.263)
335.8,(5384.582 -0.014 5529.321),(0.730 0.002 0.684),(22.206 0.000 20.793),(-382.620 -0.011 -373.256),3934.829,5.000,0.601,0.000,0.006,(9.270 0.001 9.820)
336,(5389.029 -0.014 5533.484),(0.730 0.002 0.684),(22.256 0.000 20.841),(-379.879 -0.011 -370.900),3943.730,5.000,0.601,0.000,0.006,(7.953 0.001 8.427)
336.2,(5393.485 -0.014 5537.658),(0.730 0.002 0.684),(22.305 0.000 20.889),(-376.876 -0.011 -368.263),3952.628,5.000,0.601,0.000,0.004,(6.657 0.002 7.024)
336.4,(5397.951 -0.014 5541.841),(0.730 0.002 0.684),(22.351 0.000 20.941),(-373.597 -0.011 -365.331),3961.509,5.000,0.601,0.000,0.002,(5.338 0.000 5.616)
336.6,(5402.427 -0.014 5546.035),(0.730 0.002 0.684),(22.401 0.000 20.988),(-370.057 -0.010 -362.120),3970.376,5.000,0.601,0.000,0.002,(4.191 -0.003 4.368)
336.8,(5406.913 -0.014 5550.237),(0.730 0.002 0.684),(22.450 0.000 21.035),(-366.275 -0.011 -358.653),3979.201,5.000,0.600,0.000,0.000,(2.990 0.002 3.125)
337,(5411.408 -0.014 5554.450),(0.730 0.002 0.684),(22.494 0.000 21.088),(-362.240 -0.011 -354.920),3988.018,5.000,0.601,0.000,-0.006,(1.735 0.000 1.813)
337.2,(5415.911 -0.014 5558.674),(0.729 0.002 0.684),(22.535 0.000 21.144),(-357.951 -0.012 -350.919),3996.846,5.000,0.603,0.000,-0.010,(0.457 0.000 0.472)
337.4,(5420.422 -0.014 5562.909),(0.729 0.002 0.684),(22.574 0.000 21.203),(-353.457 -0.006 -346.701),4005.802,5.000,0.604,0.000,-0.012,(-0.023 0.000 -0.024)
337.6,(5424.940 -0.014 5567.156),(0.729 0.002 0.685),(22.608 0.000 21.269),(-348.936 -0.005 -342.451),4014.810,5.000,0.606,0.000,-0.012,(-0.003 0.000 -0.003)
337.8,(5429.465 -0.014 5571.417),(0.728 0.002 0.686),(22.643 0.000 21.335),(-344.411 -0.006 -338.190),4023.903,5.000,0.608,0.000,-0.012,(-0.003 0.000 -0.003)
338,(5433.998 -0.014 5575.691),(0.727 0.002 0.686),(22.678 0.000 21.402),(-339.878 -0.005 -333.916),4033.201,5.000,0.612,0.000,-0.012,(-0.003 0.000 -0.003)
338.2,(5438.537 -0.014 5579.979),(0.727 0.002 0.687),(22.710 0.000 21.475),(-335.339 -0.006 -329.628),4042.666,5.000,0.615,0.000,-0.014,(-0.003 0.000 -0.002)
338.4,(5443.082 -0.014 5584.283),(0.726 0.002 0.688),(22.740 0.000 21.550),(-330.794 -0.006 -325.325),4052.227,5.000,0.615,0.000,-0.014,(-0.003 0.000 -0.002)
338.6,(5447.634 -0.015 5588.601),(0.725 0.002 0.688),(22.770 0.000 21.626),(-326.243 -0.006 -321.006),4061.765,5.000,0.616,0.000,-0.014,(-0.003 0.000 -0.002)
338.8,(5452.191 -0.015 5592.935),(0.725 0.002 0.689),(22.801 0.000 21.703),(-321.685 -0.006 -316.673),4071.496,5.000,0.621,0.000,-0.014,(-0.002 0.000 -0.002)
339,(5456.755 -0.015 5597.284),(0.724 0.002 0.690),(22.836 0.000 21.777),(-317.122 -0.006 -312.324),4081.359,5.000,0.622,0.000,-0.010,(-0.002 0.000 -0.002)
339.2,(5461.327 -0.015 5601.646),(0.724 0.002 0.690),(22.887 0.000 21.835),(-312.549 -0.006 -307.961),4091.292,5.000,0.626,0.000,-0.002,(-0.002 0.000 -0.002)
339.4,(5465.912 -0.015 5606.018),(0.724 0.002 0.690),(22.953 0.000 21.880),(-307.964 -0.006 -303.589),4101.393,5.000,0.626,0.000,0.000,(-0.002 0.000 -0.002)
339.6,(5470.509 -0.015 5610.400),(0.724 0.002 0.690),(23.009 0.000 21.934),(-303.420 -0.002 -299.260),4111.502,5.000,0.625,0.000,0.000,(0.500 -0.002 0.453)
339.8,(5475.117 -0.015 5614.793),(0.724 0.002 0.690),(23.065 0.000 21.987),(-298.924 -0.006 -294.972),4121.569,5.000,0.626,0.000,0.000,(0.638 0.002 0.571)
340,(5479.736 -0.015 5619.196),(0.724 0.002 0.690),(23.122 0.000 22.042),(-294.436 -0.005 -290.698),4131.717,5.000,0.628,0.000,0.000,(0.675 -0.001 0.690)
340.2,(5484.367 -0.015 5623.610),(0.724 0.002 0.690),(23.179 0.000 22.096),(-289.948 -0.005 -286.430),4141.889,5.000,0.628,0.000,0.000,(0.741 0.001 0.754)
340.4,(5489.009 -0.015 5628.035),(0.724 0.002 0.690),(23.236 0.000 22.150),(-285.460 -0.005 -282.162),4152.041,5.000,0.629,0.000,0.000,(0.802 0.000 0.817)
340.6,(5493.663 -0.015 5632.471),(0.724 0.002 0.690),(23.293 0.000 22.204),(-280.974 -0.005 -277.897),4162.239,5.000,0.629,0.000,0.000,(0.863 0.000 0.878)
340.8,(5498.328 -0.015 5636.917),(0.724 0.002 0.690),(23.355 0.000 22.254),(-276.490 -0.005 -273.630),4172.475,5.000,0.630,0.000,0.004,(0.928 0.000 0.926)
341,(5503.006 -0.015 5641.374),(0.724 0.002 0.690),(23.417 0.000 22.304),(-272.002 -0.006 -269.367),4182.751,5.000,0.630,0.000,0.006,(0.980 0.001 0.993)
341.2,(5507.696 -0.015 5645.841),(0.724 0.002 0.690),(23.474 0.000 22.359),(-267.515 -0.006 -265.105),4192.995,5.000,0.630,0.000,0.006,(1.039 -0.001 1.053)
341.4,(5512.397 -0.015 5650.318),(0.724 0.002 0.690),(23.534 0.000 22.411),(-263.030 -0.005 -260.842),4203.194,5.000,0.630,0.000,0.008,(1.105 0.000 1.095)
341.6,(5517.110 -0.015 5654.806),(0.724 0.002 0.690),(23.595 0.000 22.461),(-258.543 -0.006 -256.581),4213.395,5.000,0.630,0.000,0.006,(1.154 0.001 1.163)
341.8,(5521.835 -0.015 5659.304),(0.724 0.002 0.690),(23.648 0.000 22.519),(-254.055 -0.006 -252.322),4223.577,5.000,0.630,0.000,0.004,(1.211 -0.001 1.220)
342,(5526.571 -0.015 5663.814),(0.724 0.002 0.690),(23.704 0.000 22.574),(-249.570 -0.005 -248.058),4233.733,5.000,0.630,0.000,0.004,(1.266 0.002 1.269)
342.2,(5531.317 -0.015 5668.336),(0.724 0.002 0.690),(23.756 0.000 22.633),(-245.084 -0.006 -243.796),4243.853,5.000,0.630,0.000,-0.002,(1.324 0.000 1.325)
342.4,(5536.074 -0.015 5672.870),(0.724 0.002 0.690),(23.805 0.000 22.695),(-240.600 -0.005 -239.531),4253.937,5.000,0.632,0.000,-0.006,(1.395 0.001 1.354)
342.6,(5540.840 -0.015 5677.416),(0.724 0.002 0.690),(23.856 0.000 22.764),(-236.116 -0.006 -235.265),4264.756,5.000,0.664,0.000,-0.012,(1.435 0.003 1.425)
342.8,(5545.618 -0.015 5681.978),(0.723 0.002 0.691),(23.904 0.000 22.853),(-231.635 -0.006 -230.989),4277.071,5.000,0.679,0.000,-0.014,(1.513 0.000 1.443)
343,(5550.406 -0.015 5686.559),(0.722 0.002 0.692),(23.962 0.000 22.954),(-227.152 -0.006 -226.707),4291.097,5.000,0.744,0.000,-0.016,(1.548 0.003 1.518)
343.2,(5555.207 -0.015 5691.163),(0.722 0.002 0.692),(24.037 0.000 23.077),(-222.663 -0.006 -222.414),4308.839,5.000,0.764,0.000,-0.017,(1.587 -0.001 1.573)
343.4,(5560.022 -0.015 5695.792),(0.721 0.002 0.693),(24.108 0.000 23.209),(-218.171 -0.006 -218.105),4327.312,5.000,0.765,0.000,-0.017,(1.642 0.001 1.625)
343.6,(5564.851 -0.016 5700.448),(0.720 0.002 0.694),(24.178 0.000 23.342),(-213.676 -0.006 -213.780),4345.805,5.000,0.765,0.000,-0.017,(1.695 -0.001 1.678)
343.8,(5569.695 -0.016 5705.131),(0.719 0.002 0.695),(24.248 0.000 23.475),(-209.177 -0.006 -209.439),4364.253,5.000,0.765,0.000,-0.017,(1.748 0.000 1.730)
344,(5574.552 -0.016 5709.840),(0.718 0.002 0.696),(24.316 0.000 23.608),(-204.675 -0.006 -205.082),4382.656,5.000,0.750,0.000,-0.017,(1.800 0.000 1.781)
344.2,(5579.419 -0.015 5714.571),(0.716 0.001 0.698),(24.316 0.000 23.684),(-200.169 -0.006 -200.715),4391.989,5.000,0.356,0.000,-0.016,(1.813 0.001 1.854)
344.4,(5584.271 -0.015 5719.304),(0.715 0.000 0.699),(24.204 0.001 23.646),(-195.690 -0.005 -196.355),4379.601,5.000,0.227,0.000,-0.008,(1.884 0.003 1.884)
344.6,(5589.100 -0.014 5724.024),(0.715 0.000 0.699),(24.088 0.001 23.551),(-191.243 -0.005 -192.017),4361.191,5.000,0.081,0.000,-0.006,(1.934 -0.001 1.934)
344.8,(5593.899 -0.014 5728.718),(0.715 0.000 0.699),(23.923 0.000 23.395),(-186.835 -0.005 -187.716),4332.639,5.000,0.000,0.000,-0.006,(1.983 0.000 1.983)
345,(5598.665 -0.014 5733.379),(0.715 0.000 0.699),(23.754 0.000 23.235),(-182.471 -0.005 -183.456),4302.576,5.000,0.000,0.000,-0.006,(2.031 0.000 2.032)
345.2,(5603.397 -0.014 5738.008),(0.715 0.000 0.699),(23.585 0.000 23.076),(-178.145 -0.004 -179.242),4272.535,5.000,0.000,0.000,-0.006,(2.040 0.000 2.100)
345.4,(5608.096 -0.014 5742.606),(0.715 0.000 0.699),(23.418 0.000 22.917),(-173.862 -0.005 -175.066),4242.711,5.000,0.000,0.000,-0.006,(2.104 0.002 2.131)
345.6,(5612.761 -0.014 5747.172),(0.715 0.000 0.699),(23.252 0.000 22.759),(-169.624 -0.005 -170.932),4213.047,5.000,0.000,0.000,-0.006,(2.150 -0.001 2.178)
345.8,(5617.393 -0.014 5751.707),(0.715 0.000 0.699),(23.087 0.000 22.602),(-165.422 -0.004 -166.841),4183.554,5.000,0.000,0.000,-0.006,(2.088 -0.010 2.311)
346,(5621.993 -0.014 5756.210),(0.715 0.000 0.700),(22.923 0.000 22.446),(-161.260 -0.004 -162.791),4154.220,5.000,0.000,0.000,-0.006,(2.218 0.005 2.274)
346.2,(5626.560 -0.014 5760.683),(0.715 0.000 0.700),(22.760 0.000 22.290),(-157.141 -0.004 -158.779),4125.064,5.000,0.000,0.000,-0.006,(2.260 -0.002 2.322)
346.4,(5631.094 -0.014 5765.124),(0.715 0.000 0.700),(22.598 0.000 22.136),(-153.063 -0.004 -154.807),4096.058,5.000,0.000,0.000,-0.006,(2.304 0.000 2.366)
346.6,(5635.596 -0.014 5769.534),(0.714 0.000 0.700),(22.433 0.000 21.986),(-149.027 -0.004 -150.875),4067.219,5.000,0.000,0.000,-0.008,(2.346 0.000 2.410)
346.8,(5640.064 -0.013 5773.915),(0.714 0.000 0.700),(22.263 0.000 21.843),(-145.033 -0.004 -146.980),4038.538,5.000,0.000,0.000,-0.010,(2.388 0.000 2.453)
347,(5644.498 -0.013 5778.269),(0.713 0.000 0.701),(22.090 0.000 21.704),(-141.082 -0.004 -143.122),4010.007,5.000,0.000,0.000,-0.010,(2.430 0.000 2.496)
347.2,(5648.896 -0.013 5782.593),(0.713 0.000 0.701),(21.909 0.000 21.557),(-137.174 -0.004 -139.301),3981.282,5.000,0.000,0.040,-0.012,(2.470 0.000 2.538)
347.4,(5653.249 -0.013 5786.881),(0.712 -0.001 0.702),(21.653 0.001 21.349),(-133.319 -0.004 -135.525),3939.746,5.000,0.000,0.080,-0.012,(2.510 0.000 2.579)
347.6,(5657.535 -0.012 5791.111),(0.712 -0.003 0.703),(21.225 0.001 20.969),(-129.539 -0.002 -131.815),3868.932,5.000,0.000,0.160,-0.012,(2.550 0.000 2.619)
347.8,(5661.730 -0.012 5795.260),(0.711 -0.003 0.704),(20.766 0.001 20.570),(-125.859 -0.002 -128.194),3791.056,5.000,0.000,0.160,-0.017,(2.588 0.000 2.659)
348,(5665.833 -0.012 5799.333),(0.709 -0.003 0.705),(20.306 0.001 20.190),(-122.277 -0.002 -124.658),3713.942,5.000,0.000,0.149,-0.017,(2.626 0.000 2.698)
348.2,(5669.846 -0.011 5803.328),(0.708 -0.003 0.706),(19.849 0.001 19.809),(-118.794 -0.002 -121.207),3638.203,5.000,0.000,0.202,-0.017,(2.664 0.000 2.736)
348.4,(5673.755 -0.011 5807.238),(0.707 -0.004 0.708),(19.293 0.001 19.331),(-115.422 -0.001 -117.848),3544.552,5.000,0.000,0.229,-0.019,(2.701 0.000 2.774)
348.6,(5677.552 -0.010 5811.052),(0.705 -0.004 0.709),(18.733 0.001 18.852),(-112.169 -0.001 -114.593),3449.726,5.000,0.000,0.215,-0.019,(2.737 0.000 2.811)
348.8,(5681.239 -0.010 5814.770),(0.704 -0.004 0.711),(18.183 0.001 18.375),(-109.033 -0.001 -111.441),3355.409,5.000,0.000,0.215,-0.019,(2.772 0.000 2.848)
349,(5684.816 -0.010 5818.392),(0.702 -0.004 0.712),(17.625 0.001 17.884),(-106.015 -0.001 -108.393),3260.112,5.000,0.000,0.229,-0.019,(2.807 0.000 2.883)
349.2,(5688.280 -0.010 5821.912),(0.701 -0.004 0.713),(17.064 0.001 17.384),(-103.116 -0.001 -105.454),3162.622,5.000,0.000,0.229,-0.019,(2.841 0.000 2.918)
349.4,(5691.633 -0.010 5825.333),(0.699 -0.004 0.715),(16.515 0.001 16.891),(-100.335 0.000 -102.620),3067.307,5.000,0.000,0.229,-0.019,(2.874 0.000 2.953)
349.6,(5694.875 -0.009 5828.657),(0.698 -0.004 0.716),(15.969 0.001 16.394),(-97.671 0.000 -99.891),2971.846,5.000,0.000,0.229,-0.017,(2.907 0.000 2.987)
349.8,(5698.012 -0.009 5831.879),(0.697 -0.004 0.717),(15.448 0.001 15.901),(-95.120 0.000 -97.269),2879.139,5.000,0.000,0.215,-0.012,(2.940 0.000 3.020)
350,(5701.051 -0.009 5835.008),(0.697 -0.004 0.717),(14.990 0.001 15.437),(-92.672 0.000 -94.748),2793.880,5.000,0.000,0.175,-0.006,(2.971 0.000 3.052)
350.2,(5704.003 -0.009 5838.048),(0.697 -0.003 0.717),(14.582 0.001 15.015),(-90.318 0.000 -92.321),2713.505,5.000,0.000,0.120,-0.006,(3.002 0.000 3.084)
350.4,(5706.893 -0.010 5841.024),(0.697 -0.001 0.717),(14.348 0.000 14.770),(-88.032 -0.001 -89.965),2669.092,5.000,0.000,0.066,-0.004,(3.033 0.000 3.116)
350.6,(5709.731 -0.009 5843.947),(0.697 -0.003 0.717),(14.035 0.000 14.443),(-85.802 0.000 -87.669),2613.417,5.000,0.000,0.160,0.000,(3.063 0.000 3.146)
350.8,(5712.495 -0.009 5846.790),(0.697 -0.004 0.717),(13.632 0.001 14.018),(-83.655 0.000 -85.459),2539.448,5.000,0.000,0.175,0.004,(3.092 0.000 3.177)
351,(5715.175 -0.009 5849.544),(0.697 -0.004 0.717),(13.202 0.001 13.571),(-81.597 0.000 -83.342),2452.331,5.000,0.000,0.189,0.006,(3.121 0.000 3.206)
351.2,(5717.768 -0.009 5852.210),(0.697 -0.004 0.717),(12.768 0.000 13.132),(-79.631 0.000 -81.321),2366.364,5.000,0.000,0.175,0.000,(3.149 0.000 3.235)
351.4,(5720.288 -0.010 5854.803),(0.697 -0.001 0.717),(12.520 0.001 12.882),(-77.744 -0.001 -79.379),2312.194,5.000,0.000,0.000,0.002,(3.177 0.000 3.264)
351.6,(5722.780 -0.010 5857.367),(0.697 0.000 0.717),(12.414 0.000 12.765),(-75.890 -0.001 -77.471),2288.171,5.000,0.000,0.000,0.006,(3.204 0.000 3.292)
351.8,(5725.251 -0.010 5859.907),(0.697 -0.001 0.717),(12.308 0.000 12.648),(-74.063 -0.001 -75.592),2266.030,5.000,0.000,0.000,0.008,(3.231 0.000 3.319)
352,(5727.701 -0.010 5862.424),(0.697 -0.001 0.717),(12.200 0.000 12.536),(-72.262 -0.001 -73.742),2228.275,5.000,0.000,0.000,0.008,(3.257 0.000 3.346)
352.2,(5730.128 -0.010 5864.919),(0.697 -0.001 0.717),(12.090 0.000 12.422),(-70.488 -0.001 -71.919),2221.192,5.000,0.000,0.000,0.008,(3.283 0.000 3.372)
352.4,(5732.535 -0.010 5867.391),(0.697 -0.001 0.717),(11.982 0.000 12.310),(-68.742 -0.001 -70.124),2197.394,5.000,0.000,0.000,0.008,(3.308 0.000 3.398)
352.6,(5734.919 -0.010 5869.841),(0.697 0.000 0.717),(11.888 0.000 12.214),(-67.021 -0.001 -68.357),2217.911,5.000,0.317,0.000,0.008,(3.333 0.000 3.424)
352.8,(5737.294 -0.010 5872.281),(0.697 0.000 0.717),(11.866 0.000 12.190),(-65.316 -0.001 -66.604),2229.304,5.000,0.368,0.000,0.008,(3.357 0.000 3.449)
353,(5739.667 -0.010 5874.717),(0.697 0.000 0.717),(11.861 0.000 12.183),(-63.617 -0.001 -64.860),2234.609,5.000,0.433,0.000,0.010,(3.381 0.000 3.473)
353.2,(5742.041 -0.011 5877.154),(0.697 0.000 0.717),(11.863 0.000 12.179),(-61.922 -0.001 -63.121),2240.108,5.000,0.490,0.000,0.010,(3.405 0.000 3.497)
353.4,(5744.416 -0.011 5879.592),(0.698 0.001 0.716),(11.889 0.000 12.200),(-60.230 -0.001 -61.385),2246.429,5.000,0.505,0.000,0.010,(3.428 0.000 3.521)
353.6,(5746.794 -0.011 5882.032),(0.698 0.001 0.716),(11.902 0.000 12.208),(-58.540 -0.001 -59.652),2248.188,5.000,0.506,0.000,0.010,(3.450 0.000 3.544)
353.8,(5749.177 -0.011 5884.475),(0.698 0.000 0.716),(11.917 0.000 12.217),(-56.851 -0.001 -57.920),2239.638,5.000,0.508,0.000,0.010,(3.472 0.000 3.567)
354,(5751.563 -0.011 5886.921),(0.698 0.001 0.716),(11.945 0.000 12.239),(-55.162 -0.001 -56.190),2254.821,5.000,0.518,0.000,0.010,(3.504 0.000 3.599)
354.2,(5753.955 -0.011 5889.372),(0.698 0.000 0.716),(11.962 0.000 12.251),(-53.499 0.000 -54.488),2257.460,5.000,0.526,0.000,0.010,(3.740 0.000 3.841)
354.4,(5756.350 -0.011 5891.825),(0.698 0.001 0.716),(11.993 0.000 12.279),(-51.875 -0.001 -52.829),2262.444,5.000,0.529,0.000,0.008,(3.962 0.000 4.070)
354.6,(5758.750 -0.011 5894.281),(0.698 0.000 0.716),(12.009 0.000 12.295),(-50.293 0.000 -51.211),2264.895,5.000,0.530,0.000,0.008,(4.189 0.000 4.303)
354.8,(5761.155 -0.011 5896.744),(0.699 0.001 0.716),(12.039 0.000 12.325),(-48.750 0.000 -49.635),2269.469,5.000,0.530,0.000,0.008,(4.421 0.000 4.541)
355,(5763.563 -0.011 5899.208),(0.699 0.000 0.716),(12.041 0.000 12.326),(-47.254 0.000 -48.105),2269.805,5.000,0.530,0.000,0.008,(4.657 0.000 4.784)
355.2,(5765.974 -0.011 5901.677),(0.699 0.001 0.715),(12.074 0.000 12.354),(-45.802 0.000 -46.621),2274.939,5.000,0.538,0.000,0.012,(4.898 0.000 5.031)
355.4,(5768.390 -0.011 5904.148),(0.699 0.001 0.715),(12.104 0.000 12.369),(-44.394 0.000 -45.182),2280.865,5.000,0.568,0.000,0.016,(5.142 0.000 5.282)
355.6,(5770.815 -0.011 5906.625),(0.700 0.001 0.714),(12.141 0.000 12.383),(-43.026 0.000 -43.791),2276.419,5.000,0.568,0.000,0.016,(5.389 0.000 5.536)
355.8,(5773.249 -0.011 5909.104),(0.700 0.001 0.714),(12.191 0.000 12.410),(-41.699 0.000 -42.446),2290.465,5.000,0.568,0.000,0.016,(5.639 0.000 5.792)
356,(5775.691 -0.011 5911.590),(0.701 0.001 0.713),(12.227 0.000 12.424),(-40.411 0.000 -41.148),2294.041,5.000,0.568,0.000,0.012,(5.890 0.000 6.050)
356.2,(5778.141 -0.011 5914.078),(0.701 0.001 0.713),(12.271 0.000 12.460),(-39.166 0.000 -39.897),2300.085,5.000,0.568,0.000,0.010,(6.141 0.000 6.308)
356.4,(5780.598 -0.011 5916.573),(0.702 0.001 0.713),(12.298 0.000 12.482),(-37.966 0.000 -38.693),2303.727,5.000,0.568,0.000,0.010,(6.392 0.000 6.566)
356.6,(5783.062 -0.011 5919.074),(0.702 0.001 0.712),(12.341 0.000 12.519),(-36.808 0.000 -37.533),2309.737,5.000,0.568,0.000,0.010,(6.639 0.000 6.820)
356.8,(5785.533 -0.011 5921.580),(0.702 0.001 0.712),(12.369 0.000 12.541),(-35.692 0.000 -36.419),2313.475,5.000,0.568,0.000,0.010,(6.883 0.000 7.070)
357,(5788.011 -0.011 5924.092),(0.702 0.001 0.712),(12.413 0.000 12.576),(-34.626 0.001 -35.358),2319.419,5.000,0.568,0.000,0.014,(7.270 0.000 7.468)
357.2,(5790.496 -0.011 5926.608),(0.703 0.001 0.712),(12.447 0.000 12.592),(-33.673 0.003 -34.416),2323.221,5.000,0.568,0.000,0.012,(7.997 -0.001 8.214)
357.4,(5792.989 -0.011 5929.130),(0.703 0.001 0.711),(12.479 0.000 12.611),(-32.857 0.002 -33.617),2321.408,5.000,0.582,0.000,0.012,(8.603 -0.001 8.837)
357.6,(5795.490 -0.011 5931.657),(0.703 0.001 0.711),(12.524 0.000 12.646),(-32.083 0.000 -32.866),2331.506,5.000,0.536,0.000,0.010,(8.861 0.000 9.102)
357.8,(5797.998 -0.011 5934.188),(0.703 0.000 0.711),(12.542 0.000 12.665),(-31.436 0.004 -32.245),2334.429,5.000,0.543,0.000,0.004,(9.642 -0.001 9.905)
358,(5800.510 -0.011 5936.725),(0.703 0.001 0.711),(12.570 0.000 12.697),(-30.920 0.002 -31.758),2335.352,5.000,0.447,0.000,0.004,(10.233 0.000 10.512)
358.2,(5803.019 -0.010 5939.260),(0.703 -0.001 0.711),(12.506 0.000 12.636),(-30.516 0.003 -31.385),2284.116,5.000,0.000,0.000,0.000,(10.758 -0.001 11.051)
358.4,(5805.507 -0.010 5941.775),(0.703 -0.001 0.711),(12.390 0.000 12.530),(-30.235 0.003 -31.138),2262.247,5.000,0.000,0.000,-0.008,(11.268 -0.001 11.575)
358.6,(5807.972 -0.010 5944.270),(0.703 -0.001 0.711),(12.271 0.000 12.426),(-30.074 0.003 -31.019),2239.709,5.000,0.000,0.000,-0.012,(11.638 -0.019 12.173)
358.8,(5810.414 -0.010 5946.744),(0.703 -0.001 0.711),(12.157 0.000 12.319),(-30.016 0.003 -31.041),2217.361,5.000,0.000,0.000,-0.010,(12.147 0.004 12.726)
359,(5812.833 -0.010 5949.195),(0.703 -0.001 0.712),(12.044 0.000 12.211),(-30.082 0.003 -31.192),2194.992,5.000,0.000,0.000,-0.010,(12.649 -0.002 13.253)
359.2,(5815.229 -0.010 5951.626),(0.702 -0.001 0.712),(11.933 0.000 12.106),(-30.270 0.003 -31.470),2154.796,5.000,0.000,0.000,-0.012,(13.151 0.000 13.779)
359.4,(5817.604 -0.010 5954.036),(0.702 0.000 0.712),(11.839 0.000 12.022),(-30.581 0.003 -31.874),2210.452,5.000,0.393,0.000,-0.012,(13.652 -0.001 14.305)
359.6,(5819.973 -0.011 5956.442),(0.702 0.001 0.713),(11.836 0.000 12.031),(-30.998 0.003 -32.386),2227.493,5.000,0.492,0.000,-0.012,(14.153 -0.001 14.829)
359.8,(5822.342 -0.011 5958.852),(0.701 0.001 0.713),(11.855 0.000 12.061),(-31.515 0.003 -33.000),2236.054,5.000,0.543,0.000,-0.014,(14.653 -0.001 15.353)
360,(5824.715 -0.011 5961.267),(0.701 0.000 0.713),(11.865 0.000 12.092),(-32.126 0.003 -33.713),2241.556,5.000,0.565,0.000,-0.016,(15.152 -0.001 15.876)
360.2,(5827.091 -0.011 5963.691),(0.700 0.001 0.714),(11.901 0.000 12.151),(-32.812 0.001 -34.495),2257.384,5.000,0.667,0.000,-0.016,(15.309 0.000 16.040)
360.4,(5829.476 -0.011 5966.127),(0.700 0.001 0.715),(11.941 0.000 12.212),(-33.525 0.004 -35.305),2268.097,5.000,0.697,0.000,-0.016,(15.715 -0.001 16.466)
360.6,(5831.871 -0.011 5968.580),(0.699 0.001 0.715),(12.006 0.000 12.300),(-34.318 0.003 -36.192),2282.820,5.000,0.752,0.000,-0.017,(16.101 -0.001 16.870)
360.8,(5834.276 -0.011 5971.046),(0.698 0.001 0.716),(12.061 0.000 12.379),(-35.172 0.003 -37.141),2293.012,5.000,0.758,0.000,-0.017,(16.458 -0.001 17.245)
361,(5836.697 -0.011 5973.532),(0.698 0.001 0.716),(12.120 0.000 12.461),(-36.083 0.003 -38.146),2299.075,5.000,0.777,0.000,-0.017,(16.816 -0.001 17.619)
361.2,(5839.130 -0.011 5976.036),(0.697 0.001 0.717),(12.202 0.000 12.566),(-37.052 0.003 -39.207),2317.286,5.000,0.783,0.000,-0.017,(17.172 -0.001 17.993)
361.4,(5841.578 -0.011 5978.558),(0.696 0.001 0.718),(12.265 0.000 12.652),(-38.077 0.003 -40.324),2328.106,5.000,0.798,0.000,-0.017,(17.528 -0.001 18.366)
361.6,(5844.042 -0.011 5981.101),(0.696 0.001 0.718),(12.360 0.000 12.763),(-39.158 0.003 -41.495),2344.023,5.000,0.825,0.000,-0.012,(17.883 -0.001 18.738)
361.8,(5846.523 -0.011 5983.662),(0.696 0.001 0.718),(12.443 0.000 12.849),(-40.292 0.003 -42.723),2356.068,5.000,0.836,0.000,-0.012,(18.237 -0.001 19.109)
362,(5849.023 -0.011 5986.245),(0.696 0.002 0.718),(12.553 0.000 12.965),(-41.478 0.003 -44.002),2372.745,5.000,0.868,0.000,-0.012,(18.591 -0.001 19.479)
362.2,(5851.544 -0.011 5988.848),(0.696 0.001 0.718),(12.647 0.000 13.066),(-42.714 0.003 -45.334),2387.106,5.000,0.888,0.000,-0.012,(18.943 -0.001 19.848)
362.4,(5854.088 -0.011 5991.476),(0.696 0.002 0.718),(12.770 0.000 13.192),(-43.998 0.003 -46.718),2404.083,5.000,0.891,0.000,-0.012,(19.295 -0.001 20.217)
362.6,(5856.651 -0.011 5994.123),(0.696 0.001 0.718),(12.867 0.000 13.297),(-45.332 0.004 -48.155),2418.068,5.000,0.892,0.000,-0.012,(19.645 -0.001 20.584)
362.8,(5859.238 -0.011 5996.796),(0.696 0.001 0.718),(12.967 0.000 13.400),(-46.712 0.004 -49.640),2433.945,5.000,0.891,0.000,-0.012,(19.995 -0.001 20.950)
363,(5861.846 -0.011 5999.490),(0.696 0.002 0.718),(13.089 0.000 13.529),(-48.142 0.004 -51.176),2449.481,5.000,0.891,0.000,-0.012,(20.344 -0.001 21.316)
363.2,(5864.476 -0.011 6002.208),(0.696 0.001 0.718),(13.189 0.000 13.634),(-49.620 0.004 -52.763),2463.137,5.000,0.891,0.000,-0.012,(20.692 -0.001 21.681)
363.4,(5867.127 -0.012 6004.950),(0.696 0.002 0.718),(13.312 0.000 13.764),(-51.145 0.004 -54.397),2479.448,5.000,0.891,0.000,-0.012,(21.039 -0.001 22.044)
363.6,(5869.800 -0.011 6007.714),(0.695 0.001 0.719),(13.412 0.000 13.870),(-52.693 0.002 -56.055),2494.212,5.000,0.891,0.000,-0.014,(21.083 0.000 22.091)
363.8,(5872.496 -0.012 6010.503),(0.695 0.002 0.719),(13.528 0.000 14.007),(-54.244 0.004 -57.715),2516.668,5.000,0.891,0.000,-0.017,(21.387 -0.001 22.409)
364,(5875.210 -0.012 6013.315),(0.695 0.001 0.719),(13.619 0.000 14.122),(-55.836 0.004 -59.416),2535.592,5.000,0.891,0.000,-0.017,(21.639 0.000 22.673)
364.2,(5877.947 -0.012 6016.155),(0.694 0.002 0.720),(13.736 0.000 14.261),(-57.452 0.004 -61.139),2558.907,5.000,0.891,0.000,-0.017,(21.870 0.000 22.915)
364.4,(5880.702 -0.012 6019.018),(0.694 0.002 0.720),(13.827 0.000 14.377),(-59.096 0.004 -62.887),2578.091,5.000,0.891,0.000,-0.017,(22.100 -0.001 23.156)
364.6,(5883.480 -0.012 6021.907),(0.693 0.001 0.721),(13.921 0.000 14.494),(-60.764 0.004 -64.653),2591.403,5.000,0.891,0.000,-0.017,(22.330 0.000 23.397)
364.8,(5886.277 -0.012 6024.821),(0.693 0.002 0.721),(14.036 0.000 14.636),(-62.458 0.004 -66.444),2620.893,5.000,0.891,0.000,-0.017,(22.559 -0.001 23.637)
365,(5889.095 -0.012 6027.761),(0.692 0.001 0.722),(14.129 0.000 14.753),(-64.177 0.004 -68.257),2639.684,5.000,0.891,0.000,-0.017,(22.788 -0.001 23.877)
365.2,(5891.935 -0.012 6030.728),(0.692 0.002 0.722),(14.247 0.000 14.896),(-65.920 0.004 -70.093),2664.004,5.000,0.891,0.000,-0.017,(23.016 -0.001 24.116)
365.4,(5894.794 -0.012 6033.719),(0.691 0.001 0.723),(14.339 0.000 15.016),(-67.689 0.004 -71.953),2683.299,5.000,0.891,0.000,-0.017,(23.243 -0.001 24.353)
365.6,(5897.675 -0.012 6036.738),(0.691 0.002 0.723),(14.458 0.000 15.160),(-69.481 0.004 -73.829),2707.446,5.000,0.891,0.000,-0.017,(23.469 -0.001 24.591)
365.8,(5900.576 -0.012 6039.781),(0.690 0.002 0.724),(14.550 0.000 15.281),(-71.300 0.004 -75.729),2727.080,5.000,0.891,0.000,-0.017,(23.695 -0.001 24.827)
366,(5903.499 -0.012 6042.853),(0.690 0.002 0.724),(14.670 0.000 15.426),(-73.140 0.004 -77.650),2751.230,5.000,0.891,0.000,-0.017,(23.920 -0.001 25.063)
366.2,(5906.441 -0.012 6045.949),(0.689 0.002 0.725),(14.762 0.000 15.548),(-75.006 0.005 -79.592),2771.102,5.000,0.891,0.000,-0.017,(24.144 -0.001 25.298)
366.4,(5909.407 -0.012 6049.074),(0.688 0.002 0.725),(14.858 0.000 15.669),(-76.894 0.005 -81.553),2784.833,5.000,0.892,0.000,-0.016,(24.368 -0.001 25.532)
366.6,(5912.393 -0.012 6052.223),(0.688 0.002 0.726),(14.982 0.000 15.812),(-78.806 0.005 -83.536),2815.380,5.000,0.891,0.000,-0.012,(24.591 -0.001 25.766)
366.8,(5915.402 -0.012 6055.398),(0.688 0.001 0.726),(15.089 0.000 15.923),(-80.740 0.005 -85.539),2834.797,5.000,0.891,0.000,-0.010,(24.813 -0.001 25.998)
367,(5918.435 -0.012 6058.598),(0.688 0.002 0.726),(15.220 0.000 16.062),(-82.694 0.005 -87.564),2859.929,5.000,0.891,0.000,-0.010,(25.034 -0.001 26.230)
367.2,(5921.490 -0.012 6061.823),(0.688 0.002 0.726),(15.325 0.000 16.176),(-84.670 0.005 -89.611),2879.841,5.000,0.891,0.000,-0.010,(25.254 -0.001 26.461)
367.4,(5924.569 -0.012 6065.073),(0.688 0.002 0.726),(15.457 0.000 16.315),(-86.666 0.005 -91.678),2904.767,5.000,0.891,0.000,-0.010,(25.474 -0.001 26.691)
367.6,(5927.671 -0.012 6068.348),(0.688 0.002 0.726),(15.565 0.000 16.428),(-88.683 0.005 -93.768),2925.007,5.000,0.891,0.000,-0.006,(25.693 -0.001 26.921)
367.8,(5930.799 -0.012 6071.648),(0.688 0.002 0.726),(15.700 0.000 16.566),(-90.718 0.005 -95.875),2949.903,5.000,0.892,0.000,-0.006,(25.912 -0.001 27.150)
368,(5933.949 -0.012 6074.972),(0.688 0.002 0.726),(15.808 0.000 16.681),(-92.774 0.005 -98.007),2970.458,5.000,0.893,0.000,-0.006,(26.129 -0.001 27.378)
368.2,(5937.125 -0.012 6078.323),(0.688 0.002 0.726),(15.919 0.000 16.795),(-94.847 0.005 -100.155),2984.634,5.000,0.893,0.000,-0.004,(26.291 -0.001 27.547)
368.4,(5940.323 -0.012 6081.698),(0.688 0.002 0.726),(16.055 0.000 16.937),(-96.913 0.005 -102.330),3016.391,5.000,0.899,0.000,-0.004,(26.414 0.004 27.843)
368.6,(5943.547 -0.012 6085.099),(0.688 0.002 0.726),(16.166 0.000 17.054),(-98.990 0.005 -104.519),3036.716,5.000,0.899,0.000,-0.004,(26.517 -0.013 28.052)
368.8,(5946.796 -0.013 6088.525),(0.688 0.002 0.726),(16.303 0.000 17.199),(-101.062 0.005 -106.735),3062.998,5.000,0.899,0.000,-0.004,(26.703 0.003 28.303)
369,(5950.068 -0.012 6091.978),(0.688 0.002 0.726),(16.415 0.000 17.316),(-103.153 0.006 -108.968),3083.824,5.000,0.899,0.000,-0.004,(26.916 -0.002 28.529)
369.2,(5953.366 -0.013 6095.457),(0.688 0.002 0.726),(16.553 0.000 17.462),(-105.262 0.006 -111.219),3109.863,5.000,0.899,0.000,-0.004,(27.128 0.000 28.753)
369.4,(5956.688 -0.013 6098.961),(0.688 0.002 0.726),(16.665 0.000 17.580),(-107.389 0.006 -113.490),3131.005,5.000,0.899,0.000,-0.004,(27.339 -0.001 28.977)
369.6,(5960.036 -0.013 6102.493),(0.688 0.002 0.726),(16.804 0.000 17.727),(-109.532 0.006 -115.778),3156.987,5.000,0.899,0.000,-0.004,(27.550 -0.001 29.200)
369.8,(5963.407 -0.013 6106.049),(0.688 0.002 0.726),(16.916 0.000 17.845),(-111.694 0.006 -118.087),3178.330,5.000,0.899,0.000,-0.004,(27.760 -0.001 29.423)
370,(5966.804 -0.013 6109.634),(0.688 0.002 0.726),(17.027 0.000 17.967),(-113.872 0.006 -120.411),3193.002,5.000,0.899,0.000,-0.006,(27.969 -0.001 29.644)
370.2,(5970.224 -0.013 6113.244),(0.688 0.002 0.726),(17.164 0.000 18.117),(-116.068 0.006 -122.754),3225.810,5.000,0.899,0.000,-0.008,(28.177 -0.001 29.865)
370.4,(5973.670 -0.013 6116.881),(0.688 0.002 0.726),(17.275 0.000 18.238),(-118.281 0.006 -125.114),3246.572,5.000,0.899,0.000,-0.008,(28.384 -0.001 30.084)
370.6,(5977.140 -0.013 6120.544),(0.688 0.002 0.726),(17.416 0.000 18.386),(-120.510 0.006 -127.492),3273.461,5.000,0.899,0.000,-0.008,(28.591 -0.001 30.303)
370.8,(5980.636 -0.013 6124.235),(0.688 0.002 0.726),(17.529 0.000 18.507),(-122.755 0.006 -129.886),3294.699,5.000,0.899,0.000,-0.008,(28.796 -0.001 30.521)
371,(5984.158 -0.013 6127.953),(0.688 0.002 0.726),(17.670 0.000 18.656),(-125.015 0.006 -132.296),3321.301,5.000,0.899,0.000,-0.008,(29.001 -0.001 30.739)
371.2,(5987.703 -0.013 6131.696),(0.688 0.002 0.726),(17.783 0.000 18.777),(-127.278 0.005 -134.711),3342.823,5.000,0.899,0.000,-0.008,(29.015 0.000 30.754)
371.4,(5991.275 -0.013 6135.468),(0.688 0.002 0.726),(17.924 0.000 18.927),(-129.520 0.006 -137.102),3369.328,5.000,0.899,0.000,-0.008,(29.143 0.000 30.888)
371.6,(5994.870 -0.013 6139.264),(0.688 0.002 0.726),(18.038 0.000 19.048),(-131.771 0.006 -139.502),3391.027,5.000,0.899,0.000,-0.006,(29.298 0.000 31.054)
371.8,(5998.494 -0.013 6143.090),(0.688 0.002 0.726),(18.183 0.000 19.195),(-134.024 0.006 -141.905),3417.544,5.000,0.899,0.000,-0.004,(29.453 0.000 31.218)
372,(6002.146 -0.013 6146.945),(0.688 0.002 0.726),(18.327 0.000 19.344),(-136.279 0.006 -144.311),3444.352,5.000,0.899,0.000,-0.004,(29.608 0.000 31.381)
372.2,(6005.827 -0.013 6150.831),(0.688 0.002 0.726),(18.467 0.000 19.497),(-138.537 0.006 -146.719),3471.162,5.000,0.899,0.000,-0.006,(29.761 0.000 31.544)
372.4,(6009.536 -0.014 6154.747),(0.688 0.002 0.726),(18.610 0.000 19.648),(-140.797 0.006 -149.130),3498.029,5.000,0.899,0.000,-0.008,(29.914 0.000 31.706)
372.6,(6013.273 -0.014 6158.693),(0.688 0.002 0.726),(18.750 0.000 19.801),(-143.060 0.006 -151.543),3524.935,5.000,0.899,0.000,-0.008,(30.067 0.000 31.868)
372.8,(6017.040 -0.014 6162.670),(0.688 0.002 0.726),(18.893 0.000 19.953),(-145.324 0.006 -153.957),3551.880,5.000,0.899,0.000,-0.008,(30.218 0.000 32.029)
373,(6020.834 -0.014 6166.677),(0.688 0.002 0.726),(19.040 0.000 20.101),(-147.590 0.006 -156.373),3578.861,5.000,0.899,0.000,-0.006,(30.370 0.000 32.189)
373.2,(6024.658 -0.014 6170.714),(0.688 0.002 0.726),(19.186 0.000 20.251),(-149.856 0.006 -158.792),3605.881,5.000,0.899,0.000,-0.004,(30.520 0.000 32.348)
373.4,(6028.511 -0.014 6174.781),(0.688 0.002 0.726),(19.330 0.000 20.402),(-152.124 0.006 -161.212),3632.935,5.000,0.899,0.000,-0.002,(30.670 0.000 32.507)
373.6,(6032.393 -0.014 6178.878),(0.688 0.002 0.726),(19.478 0.000 20.550),(-154.392 0.006 -163.634),3660.015,5.000,0.899,0.000,0.000,(30.819 0.000 32.666)
373.8,(6036.305 -0.014 6183.004),(0.688 0.002 0.726),(19.623 0.000 20.701),(-156.661 0.006 -166.058),3687.125,5.000,0.899,0.000,0.000,(30.968 0.000 32.823)
374,(6040.245 -0.014 6187.162),(0.688 0.002 0.726),(19.767 0.000 20.854),(-158.930 0.007 -168.483),3714.260,5.000,0.899,0.000,0.000,(31.116 0.000 32.980)
374.2,(6044.214 -0.014 6191.349),(0.688 0.002 0.726),(19.912 0.000 21.006),(-161.201 0.007 -170.909),3741.417,5.000,0.899,0.000,-0.002,(31.263 0.000 33.136)
374.4,(6048.212 -0.014 6195.567),(0.688 0.002 0.726),(20.054 0.000 21.161),(-163.472 0.007 -173.335),3768.597,5.000,0.899,0.000,-0.004,(31.410 0.000 33.292)
374.6,(6052.238 -0.014 6199.816),(0.688 0.002 0.726),(20.195 0.000 21.316),(-165.744 0.007 -175.761),3795.789,5.000,0.899,0.000,-0.004,(31.556 0.000 33.447)
374.8,(6056.293 -0.014 6204.097),(0.688 0.002 0.726),(20.337 0.000 21.472),(-168.017 0.007 -178.188),3822.998,5.000,0.899,0.000,-0.008,(31.702 0.000 33.601)
375,(6060.376 -0.014 6208.408),(0.688 0.002 0.726),(20.475 0.000 21.631),(-170.290 0.007 -180.613),3850.225,5.000,0.899,0.000,-0.012,(31.847 0.000 33.755)
375.2,(6064.486 -0.014 6212.752),(0.687 0.002 0.726),(20.612 0.000 21.791),(-172.565 0.007 -183.037),3877.453,5.000,0.899,0.000,-0.016,(31.991 0.000 33.908)
375.4,(6068.623 -0.015 6217.128),(0.687 0.002 0.727),(20.743 0.000 21.957),(-174.843 0.007 -185.459),3904.688,5.000,0.899,0.000,-0.016,(32.135 0.000 34.060)
375.6,(6072.786 -0.015 6221.538),(0.687 0.003 0.727),(20.873 0.000 22.124),(-177.123 0.007 -187.877),3931.937,5.000,0.899,0.000,-0.016,(32.278 0.000 34.211)
375.8,(6076.975 -0.015 6225.981),(0.686 0.003 0.727),(21.007 0.000 22.287),(-179.404 0.007 -190.294),3959.183,5.000,0.899,0.000,-0.012,(32.420 0.000 34.362)
376,(6081.193 -0.015 6230.455),(0.686 0.003 0.727),(21.156 -0.001 22.436),(-181.687 0.007 -192.709),3986.429,5.000,0.899,0.000,-0.006,(32.562 0.000 34.512)
376.2,(6085.441 -0.015 6234.958),(0.686 0.003 0.727),(21.307 0.000 22.583),(-183.966 0.007 -195.124),4013.685,5.000,0.899,0.000,-0.002,(32.703 0.000 34.662)
376.4,(6089.719 -0.015 6239.492),(0.686 0.003 0.727),(21.455 0.000 22.733),(-186.245 0.007 -197.540),4040.922,5.000,0.899,0.000,0.000,(32.843 0.000 34.811)
376.6,(6094.026 -0.015 6244.055),(0.687 0.003 0.727),(21.606 -0.001 22.880),(-188.522 0.007 -199.955),4068.159,5.000,0.899,0.000,0.004,(32.983 0.000 34.959)
376.8,(6098.363 -0.015 6248.648),(0.686 0.003 0.727),(21.748 0.000 23.036),(-190.796 0.007 -202.370),4095.385,5.000,0.899,0.000,-0.002,(33.123 0.000 35.107)
377,(6102.728 -0.015 6253.273),(0.686 0.003 0.727),(21.884 0.000 23.196),(-193.072 0.007 -204.783),4122.604,5.000,0.899,0.000,-0.006,(33.261 0.000 35.254)
377.2,(6107.120 -0.015 6257.930),(0.686 0.003 0.727),(22.025 0.000 23.352),(-195.347 0.007 -207.193),4149.809,5.000,0.899,0.000,-0.006,(33.399 0.000 35.400)
377.4,(6111.540 -0.015 6262.617),(0.686 0.003 0.727),(22.169 0.000 23.505),(-197.622 0.007 -209.602),4176.990,5.000,0.899,0.000,-0.006,(33.537 0.000 35.546)
377.6,(6115.990 -0.015 6267.335),(0.686 0.003 0.727),(22.313 0.000 23.658),(-199.895 0.007 -212.009),4204.159,5.000,0.899,0.000,-0.006,(33.673 0.000 35.691)
377.8,(6120.468 -0.015 6272.083),(0.686 0.003 0.727),(22.457 0.000 23.811),(-202.166 0.007 -214.415),4231.304,5.000,0.899,0.000,-0.006,(33.809 0.000 35.835)
378,(6124.976 -0.015 6276.863),(0.686 0.003 0.727),(22.601 0.000 23.963),(-204.435 0.007 -216.818),4258.428,5.000,0.899,0.000,-0.006,(33.945 0.000 35.978)
378.2,(6129.511 -0.015 6281.672),(0.686 0.003 0.727),(22.744 0.000 24.115),(-206.703 0.007 -219.220),4285.524,5.000,0.899,0.000,-0.006,(34.080 0.000 36.121)
378.4,(6134.076 -0.016 6286.512),(0.686 0.003 0.727),(22.888 0.000 24.268),(-208.969 0.007 -221.620),4312.594,5.000,0.899,0.000,-0.006,(34.214 0.000 36.264)
378.6,(6138.669 -0.016 6291.382),(0.686 0.003 0.727),(23.028 0.000 24.423),(-211.234 0.007 -224.019),4339.633,5.000,0.899,0.000,-0.008,(34.348 0.000 36.405)
378.8,(6143.290 -0.016 6296.284),(0.686 0.003 0.727),(23.168 0.000 24.578),(-213.497 0.007 -226.413),4366.641,5.000,0.899,0.000,-0.010,(34.481 0.000 36.546)
379,(6147.939 -0.016 6301.216),(0.686 0.003 0.727),(23.311 0.000 24.729),(-215.735 0.006 -228.780),4393.573,5.000,0.899,0.000,-0.010,(34.402 0.001 36.463)
379.2,(6152.617 -0.016 6306.179),(0.686 0.003 0.727),(23.453 0.000 24.880),(-217.834 0.009 -231.160),4420.413,5.000,0.899,0.000,-0.010,(33.537 0.001 37.060)
379.4,(6157.323 -0.016 6311.171),(0.686 0.003 0.727),(23.595 0.000 25.030),(-219.848 0.006 -233.590),4447.159,5.000,0.899,0.000,-0.008,(33.644 0.002 37.145)
379.6,(6162.058 -0.016 6316.193),(0.686 0.003 0.727),(23.739 0.000 25.177),(-221.852 0.007 -236.008),4473.812,5.000,0.899,0.000,-0.008,(33.734 -0.003 37.244)
379.8,(6166.822 -0.016 6321.245),(0.686 0.003 0.727),(23.883 -0.001 25.324),(-223.844 0.007 -238.417),4500.371,5.000,0.899,0.000,-0.006,(33.822 0.001 37.342)
380,(6171.614 -0.016 6326.326),(0.686 0.003 0.727),(24.024 0.000 25.472),(-225.827 0.007 -240.815),4526.842,5.000,0.899,0.000,-0.006,(33.911 -0.001 37.440)
380.2,(6176.435 -0.016 6331.436),(0.686 0.003 0.727),(24.168 -0.001 25.616),(-227.798 0.007 -243.204),4553.211,5.000,0.899,0.000,-0.002,(34.000 0.000 37.538)
380.4,(6181.284 -0.016 6336.575),(0.686 0.003 0.727),(24.312 0.000 25.759),(-229.759 0.006 -245.560),4579.491,5.000,0.899,0.000,0.002,(34.267 -0.025 37.081)
380.6,(6186.163 -0.016 6341.742),(0.687 0.003 0.727),(24.459 0.000 25.898),(-231.795 0.008 -247.767),4605.680,5.000,0.899,0.000,0.004,(34.732 0.030 36.796)
380.8,(6191.070 -0.016 6346.938),(0.687 0.003 0.727),(24.598 0.000 26.045),(-233.841 0.006 -249.944),4631.765,5.000,0.899,0.000,0.004,(34.802 -0.008 36.914)
381,(6196.004 -0.017 6352.163),(0.686 0.003 0.727),(24.731 -0.001 26.195),(-235.877 0.007 -252.112),4657.761,5.000,0.899,0.000,0.000,(34.892 0.001 37.008)
381.2,(6200.965 -0.017 6357.418),(0.686 0.003 0.727),(24.857 0.000 26.352),(-237.881 0.006 -254.268),4683.662,5.000,0.899,0.000,-0.006,(34.416 -0.025 37.237)
381.4,(6205.951 -0.017 6362.705),(0.686 0.003 0.727),(24.991 0.000 26.499),(-239.731 0.007 -256.486),4709.474,5.000,0.899,0.000,-0.006,(34.095 0.030 37.676)
381.6,(6210.964 -0.017 6368.021),(0.686 0.003 0.727),(25.128 0.000 26.643),(-241.550 0.006 -258.712),4735.176,5.000,0.899,0.000,-0.006,(34.206 -0.008 37.754)
381.8,(6216.005 -0.017 6373.365),(0.686 0.003 0.727),(25.264 0.000 26.787),(-243.360 0.007 -260.930),4760.791,5.000,0.899,0.000,-0.006,(34.292 0.001 37.850)
382,(6221.072 -0.017 6378.739),(0.686 0.003 0.727),(25.395 -0.001 26.934),(-245.160 0.006 -263.137),4786.307,5.000,0.899,0.000,-0.008,(34.379 0.000 37.946)
382.2,(6226.166 -0.017 6384.141),(0.686 0.003 0.727),(25.530 0.000 27.077),(-246.952 0.006 -265.334),4811.732,5.000,0.899,0.000,-0.008,(34.465 0.000 38.041)
382.4,(6231.287 -0.017 6389.572),(0.686 0.003 0.727),(25.664 0.000 27.220),(-248.733 0.006 -267.522),4837.058,5.000,0.899,0.000,-0.008,(34.551 0.000 38.135)
382.6,(6236.434 -0.017 6395.032),(0.686 0.003 0.727),(25.798 0.000 27.361),(-250.506 0.006 -269.699),4862.290,5.000,0.899,0.000,-0.008,(34.636 0.000 38.229)
382.8,(6241.608 -0.017 6400.520),(0.686 0.003 0.727),(25.931 0.000 27.503),(-252.268 0.006 -271.868),4887.425,5.000,0.899,0.000,-0.008,(34.721 0.000 38.323)
383,(6246.809 -0.017 6406.036),(0.686 0.003 0.727),(26.066 -0.001 27.641),(-254.019 0.006 -274.024),4912.462,5.000,0.899,0.000,-0.006,(34.740 0.000 38.345)
383.2,(6252.037 -0.017 6411.579),(0.686 0.003 0.727),(26.203 0.000 27.777),(-255.590 -0.004 -275.986),4937.408,5.000,0.899,0.000,-0.004,(33.285 0.006 36.738)
383.4,(6257.292 -0.017 6417.149),(0.686 0.003 0.727),(26.336 0.000 27.916),(-256.788 -0.006 -277.538),4962.260,5.000,0.899,0.000,-0.006,(31.429 0.007 34.690)
383.6,(6262.573 -0.017 6422.749),(0.686 0.003 0.727),(26.462 0.000 28.059),(-257.604 -0.005 -278.663),4987.010,5.000,0.899,0.000,-0.006,(29.874 -0.005 32.813)
383.8,(6267.880 -0.018 6428.375),(0.686 0.003 0.727),(26.593 0.000 28.197),(-258.107 -0.006 -279.390),5011.664,5.000,0.899,0.000,-0.006,(28.353 0.013 30.989)
384,(6273.213 -0.018 6434.030),(0.686 0.003 0.727),(26.723 0.000 28.335),(-258.261 -0.008 -279.746),5036.223,5.000,0.899,0.000,-0.008,(26.714 0.005 29.278)
384.2,(6278.572 -0.018 6439.713),(0.686 0.003 0.727),(26.849 0.000 28.477),(-258.117 -0.007 -279.751),5060.686,5.000,0.899,0.000,-0.008,(25.511 0.002 27.641)
384.4,(6283.956 -0.018 6445.423),(0.686 0.003 0.727),(26.978 0.000 28.614),(-257.688 -0.009 -279.390),5085.049,5.000,0.899,0.000,-0.008,(24.101 0.009 26.003)
384.6,(6289.366 -0.018 6451.161),(0.686 0.003 0.727),(27.115 -0.001 28.742),(-256.941 -0.009 -278.686),5109.312,5.000,0.899,0.000,-0.002,(22.772 0.001 24.581)
384.8,(6294.804 -0.018 6456.923),(0.686 0.003 0.727),(27.248 0.000 28.874),(-255.906 -0.010 -277.678),5133.498,5.000,0.899,0.000,-0.002,(21.412 0.004 23.144)
385,(6300.268 -0.018 6462.713),(0.686 0.003 0.727),(27.376 -0.001 29.008),(-254.575 -0.011 -276.357),5157.564,5.000,0.899,0.000,0.000,(20.054 0.003 21.692)
385.2,(6305.758 -0.018 6468.528),(0.686 0.003 0.727),(27.510 0.000 29.137),(-252.971 -0.011 -274.747),5181.545,5.000,0.899,0.000,0.002,(18.845 0.002 20.393)
385.4,(6311.273 -0.018 6474.371),(0.686 0.003 0.727),(27.637 0.000 29.271),(-251.081 -0.012 -272.827),5205.427,5.000,0.899,0.000,0.002,(17.525 0.003 18.967)
385.6,(6316.815 -0.018 6480.239),(0.686 0.003 0.727),(27.763 0.000 29.404),(-248.906 -0.012 -270.604),5229.214,5.000,0.899,0.000,0.002,(16.337 0.002 17.680)
385.8,(6322.381 -0.018 6486.135),(0.686 0.003 0.727),(27.889 0.000 29.538),(-246.460 -0.013 -268.086),5252.902,5.000,0.899,0.000,0.000,(15.027 0.002 16.262)
386,(6327.972 -0.018 6492.058),(0.686 0.003 0.727),(28.007 0.000 29.677),(-243.728 -0.014 -265.256),5276.498,5.000,0.899,0.000,-0.002,(13.691 0.002 14.815)
386.2,(6333.587 -0.018 6498.008),(0.686 0.003 0.727),(28.127 0.000 29.813),(-240.723 -0.013 -262.131),5299.989,5.000,0.899,0.000,-0.004,(12.488 0.001 13.512)
386.4,(6339.227 -0.019 6503.985),(0.686 0.003 0.727),(28.247 0.000 29.948),(-237.439 -0.015 -258.701),5323.386,5.000,0.899,0.000,-0.006,(11.180 0.002 12.096)
386.6,(6344.889 -0.019 6509.990),(0.686 0.003 0.727),(28.365 0.000 30.084),(-233.875 -0.014 -254.967),5346.687,5.000,0.899,0.000,-0.008,(9.941 0.001 10.755)
386.8,(6350.575 -0.019 6516.021),(0.686 0.003 0.727),(28.487 0.000 30.215),(-230.028 -0.015 -250.927),5369.892,5.000,0.899,0.000,-0.010,(8.619 0.001 9.324)
387,(6356.285 -0.019 6522.079),(0.686 0.003 0.728),(28.599 -0.001 30.355),(-225.898 -0.016 -246.577),5392.986,5.000,0.899,0.000,-0.012,(7.319 0.001 7.917)
387.2,(6362.017 -0.019 6528.166),(0.686 0.003 0.728),(28.704 -0.001 30.501),(-221.491 -0.016 -241.925),5415.997,5.000,0.899,0.000,-0.016,(6.027 0.001 6.519)
387.4,(6367.766 -0.019 6534.284),(0.684 0.003 0.729),(28.777 -0.001 30.672),(-216.806 -0.016 -236.958),5438.931,5.000,0.836,0.000,-0.019,(4.739 0.001 5.126)
387.6,(6373.512 -0.018 6540.422),(0.682 0.001 0.731),(28.633 0.000 30.673),(-211.880 -0.014 -231.707),5432.217,5.000,0.000,0.000,-0.019,(3.603 -0.003 3.918)
387.8,(6379.208 -0.017 6546.542),(0.680 0.000 0.733),(28.346 0.001 30.548),(-206.775 -0.014 -226.228),5396.189,5.000,0.000,0.000,-0.019,(2.426 0.001 2.631)
388,(6384.847 -0.017 6552.638),(0.678 0.000 0.735),(28.063 0.001 30.422),(-201.482 -0.015 -220.508),5359.131,5.000,0.000,0.000,-0.019,(1.132 0.000 1.227)
388.2,(6390.430 -0.017 6558.707),(0.676 0.000 0.737),(27.783 0.001 30.296),(-195.997 -0.013 -214.544),5322.535,5.000,0.000,0.000,-0.019,(0.044 0.000 0.049)
388.4,(6395.958 -0.017 6564.751),(0.674 0.000 0.739),(27.505 0.001 30.169),(-190.470 -0.007 -208.501),5286.171,5.000,0.000,0.000,-0.019,(-0.011 0.000 -0.012)
388.6,(6401.429 -0.017 6570.771),(0.672 0.000 0.741),(27.230 0.001 30.042),(-184.999 -0.008 -202.481),5250.043,5.000,0.000,0.000,-0.019,(0.004 0.000 0.004)
388.8,(6406.846 -0.017 6576.763),(0.670 0.000 0.743),(26.964 0.001 29.909),(-179.581 -0.008 -196.488),5214.168,5.000,0.000,0.000,-0.016,(0.003 0.000 0.004)
389,(6412.210 -0.016 6582.725),(0.669 0.000 0.744),(26.711 0.002 29.714),(-174.217 -0.008 -190.526),5175.224,5.000,0.000,0.066,-0.004,(0.004 0.000 0.004)
389.2,(6417.515 -0.015 6588.625),(0.669 -0.002 0.743),(26.356 0.000 29.294),(-168.913 -0.006 -184.627),5107.455,5.000,0.000,0.160,0.004,(0.003 0.000 0.004)
389.4,(6422.739 -0.015 6594.429),(0.669 -0.003 0.743),(25.934 0.002 28.790),(-163.689 -0.006 -178.823),5023.370,5.000,0.000,0.160,0.010,(0.003 0.000 0.004)
389.6,(6427.881 -0.015 6600.130),(0.670 -0.003 0.742),(25.535 0.001 28.281),(-158.546 -0.006 -173.121),4938.882,5.000,0.000,0.134,0.014,(0.003 0.000 0.004)
389.8,(6432.951 -0.015 6605.735),(0.671 -0.002 0.741),(25.204 0.001 27.807),(-153.477 -0.006 -167.516),4864.641,5.000,0.000,0.149,0.017,(0.003 0.000 0.004)
390,(6437.950 -0.014 6611.238),(0.673 -0.003 0.739),(24.833 0.001 27.263),(-148.478 -0.005 -162.013),4781.412,5.000,0.000,0.189,0.019,(0.003 0.000 0.004)
390.2,(6442.869 -0.014 6616.624),(0.675 -0.004 0.737),(24.394 0.001 26.631),(-143.574 -0.002 -156.646),4684.325,5.000,0.000,0.242,0.019,(0.301 -0.001 0.343)
390.4,(6447.693 -0.013 6621.877),(0.677 -0.004 0.736),(23.915 0.001 25.963),(-138.842 -0.003 -151.497),4579.302,5.000,0.000,0.215,0.019,(0.538 0.000 0.594)
390.6,(6452.424 -0.013 6627.000),(0.679 -0.004 0.734),(23.443 0.002 25.330),(-134.229 -0.004 -146.502),4477.267,5.000,0.000,0.215,0.016,(0.628 0.001 0.684)
390.8,(6457.057 -0.013 6632.000),(0.680 -0.004 0.733),(22.959 0.001 24.725),(-129.729 -0.003 -141.648),4377.068,5.000,0.000,0.229,0.010,(0.693 0.000 0.755)
391,(6461.590 -0.012 6636.878),(0.681 -0.004 0.733),(22.414 0.002 24.122),(-125.338 -0.003 -136.929),4272.826,5.000,0.000,0.242,-0.002,(0.742 0.000 0.824)
391.2,(6466.006 -0.012 6641.636),(0.680 -0.005 0.733),(21.800 0.001 23.513),(-121.078 -0.002 -132.343),4161.886,5.000,0.000,0.269,-0.014,(0.807 0.001 0.882)
391.4,(6470.296 -0.011 6646.271),(0.679 -0.005 0.734),(21.157 0.001 22.903),(-116.956 -0.002 -127.891),4047.502,5.000,0.000,0.269,-0.016,(0.865 0.000 0.946)
391.6,(6474.457 -0.011 6650.785),(0.677 -0.005 0.736),(20.517 0.001 22.292),(-112.971 -0.002 -123.574),3933.186,5.000,0.000,0.269,-0.016,(0.915 0.001 1.007)
391.8,(6478.492 -0.011 6655.177),(0.676 -0.005 0.737),(19.887 0.001 21.683),(-109.126 -0.002 -119.390),3819.931,5.000,0.000,0.269,-0.016,(0.972 0.000 1.068)
392,(6482.400 -0.011 6659.447),(0.675 -0.005 0.738),(19.260 0.001 21.072),(-105.416 -0.001 -115.342),3706.849,5.000,0.000,0.269,-0.017,(0.994 -0.001 1.152)
392.2,(6486.181 -0.010 6663.593),(0.673 -0.005 0.739),(18.610 0.001 20.450),(-101.845 -0.001 -111.428),3591.107,5.000,0.000,0.283,-0.019,(1.077 0.003 1.189)
392.4,(6489.833 -0.010 6667.614),(0.672 -0.005 0.741),(17.959 0.001 19.822),(-98.412 0.000 -107.653),3474.708,5.000,0.000,0.297,-0.019,(1.093 -0.002 1.275)
392.6,(6493.354 -0.010 6671.507),(0.670 -0.005 0.742),(17.316 0.002 19.178),(-95.120 0.000 -104.017),3355.974,5.000,0.000,0.297,-0.012,(1.177 0.003 1.308)
392.8,(6496.749 -0.009 6675.269),(0.670 -0.005 0.742),(16.700 0.001 18.515),(-91.965 0.000 -100.525),3239.561,5.000,0.000,0.297,-0.006,(1.187 -0.002 1.397)
393,(6500.024 -0.009 6678.899),(0.670 -0.005 0.742),(16.110 0.001 17.853),(-88.938 0.000 -97.176),3124.713,5.000,0.000,0.283,-0.004,(1.273 0.004 1.426)
393.2,(6503.181 -0.009 6682.397),(0.670 -0.005 0.742),(15.516 0.001 17.196),(-86.036 0.001 -93.972),3009.999,5.000,0.000,0.283,-0.004,(1.309 0.000 1.488)
393.4,(6506.219 -0.009 6685.765),(0.670 -0.005 0.742),(14.925 0.001 16.541),(-83.269 0.001 -90.904),2896.265,5.000,0.000,0.295,-0.004,(1.362 0.002 1.534)
393.6,(6509.139 -0.009 6689.002),(0.670 -0.005 0.742),(14.339 0.001 15.891),(-80.627 0.001 -87.980),2782.662,5.000,0.000,0.283,-0.002,(1.415 -0.001 1.591)
393.8,(6511.943 -0.008 6692.108),(0.670 -0.005 0.742),(13.758 0.001 15.238),(-78.112 0.001 -85.198),2669.403,5.000,0.000,0.283,0.002,(1.466 0.000 1.649)
394,(6514.631 -0.008 6695.085),(0.670 -0.005 0.742),(13.187 0.001 14.597),(-75.722 0.001 -82.557),2518.772,5.000,0.000,0.283,0.004,(1.516 0.000 1.706)
394.2,(6517.204 -0.008 6697.934),(0.670 -0.005 0.742),(12.604 0.001 13.953),(-73.459 0.001 -80.056),2437.167,5.000,0.000,0.297,0.004,(1.566 0.000 1.762)
394.4,(6519.661 -0.008 6700.653),(0.670 -0.005 0.742),(12.024 0.001 13.311),(-71.320 0.001 -77.695),2315.489,5.000,0.000,0.283,0.004,(1.615 0.000 1.817)
394.6,(6522.002 -0.008 6703.245),(0.670 -0.005 0.742),(11.446 0.001 12.670),(-69.308 0.002 -75.473),2196.120,5.000,0.000,0.283,0.004,(1.664 0.000 1.872)
394.8,(6524.228 -0.008 6705.710),(0.670 -0.005 0.742),(10.875 0.001 12.038),(-67.422 0.002 -73.386),2074.531,5.000,0.000,0.283,0.004,(1.763 -0.006 1.869)
395,(6526.340 -0.007 6708.048),(0.670 -0.005 0.742),(10.303 0.001 11.406),(-65.661 0.002 -71.434),1953.668,5.000,0.000,0.283,0.004,(1.760 0.004 1.964)
395.2,(6528.338 -0.007 6710.260),(0.670 -0.005 0.742),(9.737 0.001 10.778),(-64.021 0.002 -69.620),1829.029,5.000,0.000,0.283,0.004,(1.810 -0.001 2.014)
395.4,(6530.224 -0.007 6712.348),(0.670 -0.005 0.742),(9.177 0.001 10.159),(-62.502 0.002 -67.941),1705.957,5.000,0.000,0.269,0.004,(1.857 0.000 2.066)
395.6,(6532.018 -0.009 6714.333),(0.670 -0.002 0.742),(8.883 0.000 9.834),(-61.084 0.000 -66.375),1609.477,5.000,0.000,0.000,0.004,(1.903 0.000 2.118)
395.8,(6533.784 -0.010 6716.289),(0.670 0.000 0.742),(8.795 0.000 9.733),(-59.704 0.000 -64.848),1544.488,5.000,0.000,0.000,0.008,(1.948 0.000 2.168)
396,(6535.532 -0.009 6718.223),(0.670 -0.001 0.742),(8.700 0.000 9.625),(-58.351 0.000 -63.353),1578.790,5.000,0.024,0.000,0.008,(1.993 0.000 2.218)
396.2,(6537.265 -0.010 6720.140),(0.670 0.000 0.742),(8.639 0.000 9.557),(-57.026 0.000 -61.878),1714.502,5.000,0.320,0.000,0.008,(2.050 0.000 2.238)
396.4,(6538.990 -0.010 6722.049),(0.670 0.000 0.742),(8.623 0.000 9.540),(-55.714 -0.001 -60.423),1795.560,5.000,0.416,0.000,0.008,(2.087 0.001 2.293)
396.6,(6540.713 -0.010 6723.958),(0.670 0.000 0.742),(8.619 0.000 9.536),(-54.413 -0.001 -58.978),1810.391,5.000,0.452,0.000,0.008,(2.131 -0.001 2.341)
396.8,(6542.439 -0.010 6725.868),(0.670 0.000 0.742),(8.636 0.000 9.549),(-53.118 -0.001 -57.542),1829.156,5.000,0.487,0.000,0.012,(2.173 0.000 2.387)
397,(6544.167 -0.010 6727.777),(0.671 0.000 0.742),(8.649 0.000 9.554),(-51.832 0.000 -56.111),1835.036,5.000,0.508,0.000,0.014,(2.311 -0.011 2.327)
397.2,(6545.900 -0.010 6729.691),(0.671 0.001 0.741),(8.680 0.000 9.579),(-50.550 -0.001 -54.683),1850.880,5.000,0.544,0.000,0.014,(2.262 0.006 2.456)
397.4,(6547.639 -0.010 6731.607),(0.671 0.000 0.741),(8.705 0.000 9.596),(-49.269 -0.001 -53.262),1860.232,5.000,0.568,0.000,0.012,(2.306 -0.002 2.498)
397.6,(6549.384 -0.010 6733.530),(0.672 0.001 0.741),(8.734 0.000 9.624),(-47.993 0.000 -51.838),1825.071,5.000,0.585,0.000,0.010,(2.411 -0.001 2.461)
397.8,(6551.135 -0.010 6735.459),(0.672 0.001 0.741),(8.772 0.000 9.664),(-46.719 -0.001 -50.416),1879.728,5.000,0.622,0.000,0.010,(2.394 0.005 2.558)
398,(6552.895 -0.010 6737.396),(0.672 0.001 0.741),(8.814 0.000 9.706),(-45.442 -0.001 -48.994),1894.911,5.000,0.689,0.000,0.012,(2.436 -0.002 2.599)
398.2,(6554.665 -0.010 6739.345),(0.672 0.001 0.740),(8.879 0.000 9.769),(-44.163 -0.001 -47.570),1912.159,5.000,0.689,0.000,0.014,(2.474 0.001 2.641)
398.4,(6556.446 -0.010 6741.304),(0.672 0.001 0.740),(8.929 0.000 9.816),(-42.882 -0.001 -46.144),1915.909,5.000,0.689,0.000,0.014,(2.513 0.000 2.682)
398.6,(6558.239 -0.010 6743.274),(0.673 0.001 0.740),(8.990 0.000 9.873),(-41.595 -0.001 -44.715),1900.977,5.000,0.556,0.000,0.014,(2.551 0.000 2.722)
398.8,(6560.040 -0.010 6745.251),(0.673 0.000 0.739),(9.014 0.000 9.888),(-40.309 -0.001 -43.286),1874.126,5.000,0.375,0.000,0.014,(2.588 0.000 2.761)
399,(6561.839 -0.010 6747.226),(0.674 0.000 0.739),(8.975 0.000 9.835),(-39.030 0.000 -41.869),1647.928,5.000,0.000,0.000,0.014,(2.624 0.000 2.800)
399.2,(6563.625 -0.009 6749.181),(0.674 -0.001 0.739),(8.890 0.000 9.730),(-37.774 0.000 -40.477),1590.630,5.000,0.000,0.000,0.012,(2.660 0.000 2.838)
399.4,(6565.393 -0.009 6751.116),(0.674 -0.001 0.738),(8.802 0.000 9.628),(-36.542 0.000 -39.114),1531.947,5.000,0.066,0.000,0.012,(2.695 0.000 2.876)
399.6,(6567.147 -0.010 6753.033),(0.675 0.000 0.738),(8.753 0.000 9.568),(-35.331 0.000 -37.776),1781.243,5.000,0.369,0.000,0.012,(2.729 0.000 2.913)
399.8,(6568.895 -0.010 6754.946),(0.675 0.000 0.738),(8.743 0.000 9.549),(-34.132 -0.001 -36.449),1786.456,5.000,0.383,0.000,0.014,(2.763 0.000 2.949)
400,(6570.642 -0.010 6756.854),(0.675 0.000 0.738),(8.724 0.000 9.518),(-32.941 -0.001 -35.135),1641.076,5.000,0.000,0.000,0.014,(2.796 0.000 2.984)
400.2,(6572.378 -0.009 6758.747),(0.676 -0.001 0.737),(8.645 0.000 9.420),(-31.768 0.000 -33.843),1521.260,5.000,0.000,0.000,0.014,(2.829 0.000 3.019)
400.4,(6574.098 -0.009 6760.619),(0.676 -0.001 0.737),(8.556 0.000 9.313),(-30.609 0.000 -32.584),1502.762,5.000,0.000,0.000,0.014,(2.804 0.001 3.085)
400.6,(6575.798 -0.009 6762.470),(0.676 -0.001 0.737),(8.454 0.000 9.193),(-29.477 0.000 -31.350),1469.738,5.000,0.000,0.012,0.014,(2.857 0.003 3.099)
400.8,(6577.474 -0.009 6764.291),(0.677 -0.002 0.736),(8.304 0.000 9.020),(-28.376 0.000 -30.153),1444.539,5.000,0.000,0.080,0.014,(2.887 -0.001 3.133)
401,(6579.105 -0.008 6766.062),(0.677 -0.003 0.736),(8.037 0.000 8.720),(-27.326 0.001 -29.012),1382.110,5.000,0.000,0.107,0.014,(2.918 0.001 3.166)
401.2,(6580.682 -0.008 6767.772),(0.678 -0.003 0.735),(7.765 0.000 8.416),(-26.326 0.001 -27.945),1287.545,5.000,0.000,0.107,0.014,(2.905 0.002 3.214)
401.4,(6582.204 -0.008 6769.422),(0.678 -0.003 0.735),(7.490 0.000 8.111),(-25.388 0.001 -26.942),1240.078,5.000,0.000,0.120,0.014,(2.937 0.000 3.244)
401.6,(6583.667 -0.008 6771.007),(0.678 -0.003 0.735),(7.177 0.000 7.765),(-24.515 0.001 -26.009),1143.530,5.000,0.000,0.134,0.014,(2.966 -0.001 3.275)
401.8,(6585.067 -0.008 6772.521),(0.679 -0.003 0.735),(6.843 0.000 7.396),(-23.712 0.001 -25.154),1102.882,5.000,0.000,0.160,0.014,(2.994 0.000 3.306)
402,(6586.398 -0.008 6773.958),(0.679 -0.003 0.734),(6.500 0.000 7.020),(-22.983 0.001 -24.381),1101.645,5.000,0.000,0.160,0.014,(3.021 0.000 3.336)
402.2,(6587.661 -0.008 6775.323),(0.679 -0.003 0.734),(6.169 0.000 6.656),(-22.328 0.001 -23.688),1100.755,5.000,0.000,0.160,0.014,(3.048 0.000 3.366)
402.4,(6588.858 -0.008 6776.615),(0.679 -0.003 0.734),(5.845 0.000 6.302),(-21.742 0.001 -23.072),1100.002,5.000,0.000,0.160,0.014,(3.074 0.000 3.395)
402.6,(6589.992 -0.008 6777.836),(0.680 -0.003 0.734),(5.523 0.000 5.950),(-21.227 0.001 -22.532),1099.683,5.000,0.000,0.160,0.014,(3.100 0.000 3.424)
402.8,(6591.061 -0.008 6778.987),(0.680 -0.003 0.733),(5.199 0.000 5.597),(-20.780 0.002 -22.069),1099.231,5.000,0.000,0.160,0.012,(3.126 0.000 3.452)
403,(6592.067 -0.008 6780.071),(0.680 -0.003 0.733),(4.892 0.000 5.267),(-20.402 0.001 -21.679),1099.984,5.000,0.000,0.149,0.010,(3.151 0.000 3.479)
403.2,(6593.011 -0.008 6781.088),(0.680 -0.003 0.733),(4.587 0.000 4.939),(-20.091 0.001 -21.361),1098.385,5.000,0.000,0.134,0.010,(3.175 0.000 3.506)
403.4,(6593.899 -0.008 6782.043),(0.680 -0.003 0.733),(4.307 0.000 4.636),(-19.841 0.001 -21.109),1099.980,5.000,0.000,0.149,0.010,(3.199 0.000 3.533)
403.6,(6594.727 -0.008 6782.935),(0.680 -0.003 0.733),(4.004 0.000 4.311),(-19.656 0.002 -20.928),1097.586,5.000,0.000,0.160,0.010,(3.223 0.000 3.559)
403.8,(6595.495 -0.008 6783.761),(0.680 -0.003 0.733),(3.704 0.000 3.986),(-19.543 0.002 -20.803),1099.979,5.000,0.000,0.160,0.010,(3.267 0.004 3.542)
404,(6596.203 -0.008 6784.523),(0.680 -0.003 0.733),(3.412 0.000 3.673),(-19.492 0.001 -20.752),1096.778,5.000,0.000,0.147,0.008,(3.292 -0.001 3.565)
404.2,(6596.853 -0.008 6785.223),(0.680 -0.003 0.733),(3.111 0.000 3.349),(-19.503 0.002 -20.769),1099.979,5.000,0.000,0.160,0.008,(3.314 0.000 3.590)
404.4,(6597.444 -0.008 6785.861),(0.680 -0.002 0.733),(2.864 0.000 3.083),(-19.576 0.001 -20.852),1096.011,5.000,0.000,0.000,0.008,(3.336 0.000 3.614)
404.6,(6598.015 -0.009 6786.475),(0.680 0.000 0.733),(2.840 0.000 3.057),(-19.675 0.000 -20.963),1095.968,5.000,0.000,0.000,0.008,(3.358 0.000 3.638)
404.8,(6598.581 -0.009 6787.083),(0.680 0.000 0.733),(2.818 0.000 3.031),(-19.783 0.000 -21.084),1099.945,5.000,0.000,0.000,0.012,(3.380 0.000 3.661)
405,(6599.142 -0.009 6787.688),(0.680 0.000 0.733),(2.799 0.000 3.009),(-19.904 0.001 -21.218),1104.013,5.000,0.282,0.000,0.012,(3.465 0.000 3.753)
405.2,(6599.700 -0.009 6788.287),(0.680 0.000 0.733),(2.781 0.000 2.989),(-20.063 0.001 -21.394),1138.001,5.000,0.408,0.000,0.012,(3.678 0.000 3.985)
405.4,(6600.256 -0.009 6788.883),(0.680 0.000 0.733),(2.783 0.000 2.992),(-20.266 0.001 -21.621),1242.775,5.000,0.499,0.000,0.010,(3.896 0.000 4.220)
405.6,(6600.813 -0.009 6789.484),(0.680 0.000 0.733),(2.790 0.000 3.003),(-20.512 0.001 -21.892),1271.356,5.000,0.576,0.000,0.006,(4.117 0.000 4.460)
405.8,(6601.374 -0.009 6790.088),(0.680 0.000 0.733),(2.819 0.000 3.038),(-20.799 0.001 -22.208),1318.460,5.000,0.630,0.000,0.004,(4.343 0.000 4.705)
406,(6601.940 -0.009 6790.699),(0.680 0.000 0.733),(2.848 0.000 3.069),(-21.126 0.001 -22.566),1337.010,5.000,0.668,0.000,0.002,(4.574 0.000 4.955)
406.2,(6602.515 -0.009 6791.318),(0.680 0.001 0.733),(2.892 0.000 3.121),(-21.492 0.001 -22.965),1350.745,5.000,0.679,0.000,-0.004,(4.809 0.000 5.209)
406.4,(6603.096 -0.009 6791.946),(0.680 0.000 0.733),(2.926 0.000 3.160),(-21.899 0.001 -23.408),1359.961,5.000,0.701,0.000,-0.004,(5.047 0.000 5.467)
406.6,(6603.688 -0.009 6792.584),(0.680 0.001 0.733),(2.970 0.000 3.205),(-22.346 0.001 -23.892),1335.287,5.000,0.723,0.000,0.000,(5.288 0.000 5.728)
406.8,(6604.287 -0.009 6793.231),(0.680 0.001 0.733),(3.025 0.000 3.260),(-22.833 0.001 -24.419),1379.973,5.000,0.729,0.000,0.004,(5.531 0.000 5.991)
407,(6604.898 -0.009 6793.889),(0.680 0.000 0.733),(3.071 0.000 3.307),(-23.357 0.001 -24.989),1369.344,5.000,0.738,0.000,0.006,(5.775 0.000 6.256)
407.2,(6605.518 -0.009 6794.557),(0.680 0.001 0.733),(3.128 0.000 3.369),(-23.921 0.001 -25.601),1392.373,5.000,0.741,0.000,0.006,(6.020 0.000 6.521)
407.4,(6606.149 -0.009 6795.236),(0.680 0.000 0.733),(3.177 0.000 3.422),(-24.523 0.001 -26.255),1417.727,5.000,0.848,0.000,0.006,(6.263 0.000 6.785)
407.6,(6606.792 -0.010 6795.930),(0.680 0.001 0.733),(3.256 0.000 3.507),(-25.157 0.001 -26.946),1443.584,5.000,0.854,0.000,0.006,(6.503 0.000 7.044)
407.8,(6607.450 -0.009 6796.639),(0.680 0.001 0.733),(3.321 0.000 3.578),(-25.825 0.001 -27.675),1455.135,5.000,0.898,0.000,0.004,(6.739 0.000 7.300)
408,(6608.124 -0.010 6797.365),(0.680 0.001 0.733),(3.409 0.000 3.677),(-26.542 0.003 -28.455),1474.789,5.000,0.922,0.000,0.000,(7.197 0.000 7.797)
408.2,(6608.813 -0.010 6798.109),(0.680 0.001 0.733),(3.487 0.000 3.761),(-27.371 0.004 -29.357),1489.143,5.000,0.951,0.000,0.000,(7.923 -0.001 8.583)
408.4,(6609.521 -0.010 6798.873),(0.680 0.001 0.733),(3.572 0.000 3.853),(-28.313 0.002 -30.379),1460.884,5.000,0.967,0.000,0.000,(8.353 0.000 9.049)
408.6,(6610.246 -0.010 6799.655),(0.680 0.001 0.733),(3.672 0.000 3.961),(-29.286 0.003 -31.435),1508.264,5.000,0.967,0.000,0.000,(8.772 0.000 9.502)
408.8,(6610.991 -0.010 6800.458),(0.680 0.001 0.733),(3.758 0.000 4.052),(-30.379 0.005 -32.623),1500.286,5.000,0.967,0.000,0.002,(9.519 -0.001 10.312)
409,(6611.754 -0.010 6801.281),(0.680 0.001 0.733),(3.861 0.000 4.163),(-31.580 0.003 -33.926),1520.947,5.000,0.967,0.000,0.002,(10.054 0.000 10.892)
409.2,(6612.536 -0.010 6802.124),(0.680 0.001 0.733),(3.945 0.000 4.255),(-32.863 0.003 -35.322),1522.020,5.000,0.967,0.000,0.000,(10.559 -0.001 11.439)
409.4,(6613.336 -0.010 6802.988),(0.680 0.001 0.733),(4.049 0.000 4.369),(-34.231 0.003 -36.805),1533.859,5.000,0.967,0.000,-0.002,(11.055 -0.001 11.976)
409.6,(6614.154 -0.010 6803.872),(0.680 0.001 0.733),(4.134 0.000 4.461),(-35.678 0.003 -38.375),1538.199,5.000,0.967,0.000,-0.002,(11.550 -0.001 12.512)
409.8,(6614.993 -0.010 6804.776),(0.680 0.001 0.733),(4.240 0.000 4.575),(-37.203 0.003 -40.032),1547.068,5.000,0.967,0.000,0.000,(12.044 -0.001 13.048)
410,(6615.849 -0.010 6805.700),(0.680 0.001 0.733),(4.326 0.000 4.667),(-38.810 0.004 -41.776),1552.535,5.000,0.967,0.000,0.000,(12.538 -0.001 13.583)
410.2,(6616.726 -0.010 6806.646),(0.680 0.001 0.733),(4.416 0.000 4.764),(-40.496 0.004 -43.606),1518.909,5.000,0.967,0.000,0.000,(13.031 -0.001 14.117)
410.4,(6617.620 -0.010 6807.611),(0.680 0.001 0.733),(4.519 0.000 4.875),(-42.263 0.004 -45.523),1566.661,5.000,0.967,0.000,0.000,(13.524 -0.001 14.650)
410.6,(6618.534 -0.010 6808.598),(0.680 0.001 0.733),(4.608 0.000 4.969),(-44.113 0.004 -47.516),1560.147,5.000,0.967,0.000,0.002,(14.060 0.003 15.115)
410.8,(6619.467 -0.010 6809.604),(0.680 0.001 0.733),(4.715 0.000 5.082),(-46.046 0.004 -49.591),1580.877,5.000,0.967,0.000,0.004,(14.552 -0.001 15.646)
411,(6620.420 -0.010 6810.632),(0.680 0.001 0.733),(4.803 0.000 5.177),(-48.057 0.004 -51.751),1583.241,5.000,0.967,0.000,0.004,(15.044 -0.001 16.175)
411.2,(6621.392 -0.010 6811.680),(0.680 0.001 0.733),(4.910 0.000 5.293),(-50.107 0.001 -53.952),1595.323,5.000,0.967,0.000,0.004,(15.087 0.000 16.221)
411.4,(6622.383 -0.010 6812.748),(0.680 0.001 0.733),(5.000 0.000 5.386),(-52.191 0.005 -56.190),1600.750,5.000,0.967,0.000,0.008,(15.601 -0.001 16.774)
411.6,(6623.395 -0.010 6813.838),(0.680 0.001 0.733),(5.109 0.000 5.503),(-54.345 0.004 -58.474),1610.224,5.000,0.967,0.000,0.008,(16.077 0.001 16.930)
411.8,(6624.425 -0.010 6814.947),(0.680 0.001 0.733),(5.198 0.000 5.598),(-56.567 0.004 -60.795),1616.688,5.000,0.967,0.000,0.008,(16.414 0.000 17.326)
412,(6625.477 -0.010 6816.080),(0.680 0.001 0.733),(5.290 0.000 5.699),(-58.838 0.004 -63.169),1583.101,5.000,0.967,0.000,0.006,(16.771 -0.002 17.701)
412.2,(6626.545 -0.010 6817.232),(0.680 0.001 0.733),(5.394 0.000 5.815),(-61.162 0.004 -65.598),1632.411,5.000,0.967,0.000,0.002,(17.126 0.000 18.076)
412.4,(6627.635 -0.010 6818.407),(0.680 0.001 0.733),(5.484 0.000 5.913),(-63.537 0.004 -68.080),1627.651,5.000,0.967,0.000,0.002,(17.480 -0.001 18.450)
412.6,(6628.744 -0.010 6819.604),(0.680 0.001 0.733),(5.593 0.000 6.031),(-65.963 0.004 -70.614),1648.354,5.000,0.967,0.000,0.002,(17.834 -0.001 18.824)
412.8,(6629.873 -0.010 6820.821),(0.680 0.001 0.733),(5.685 0.000 6.128),(-68.439 0.005 -73.203),1652.211,5.000,0.967,0.000,0.004,(18.186 -0.001 19.196)
413,(6631.021 -0.010 6822.059),(0.680 0.001 0.733),(5.796 0.000 6.248),(-70.966 0.005 -75.844),1664.675,5.000,0.967,0.000,0.004,(18.538 -0.001 19.567)
413.2,(6632.190 -0.010 6823.318),(0.680 0.001 0.733),(5.887 0.000 6.345),(-73.544 0.005 -78.540),1671.226,5.000,0.967,0.000,0.004,(18.889 -0.001 19.938)
413.4,(6633.380 -0.010 6824.600),(0.680 0.001 0.733),(5.999 0.000 6.466),(-76.171 0.005 -81.287),1681.429,5.000,0.967,0.000,0.004,(19.240 -0.001 20.307)
413.6,(6634.588 -0.010 6825.902),(0.680 0.001 0.733),(6.090 0.000 6.565),(-78.848 0.005 -84.086),1688.973,5.000,0.967,0.000,0.004,(19.589 -0.001 20.676)
413.8,(6635.818 -0.010 6827.227),(0.680 0.001 0.733),(6.186 0.000 6.668),(-81.574 0.005 -86.936),1655.512,5.000,0.967,0.000,0.004,(19.937 -0.001 21.044)
414,(6637.067 -0.010 6828.573),(0.680 0.001 0.733),(6.295 0.000 6.786),(-84.351 0.005 -89.838),1706.537,5.000,0.967,0.000,0.004,(20.285 -0.001 21.411)
414.2,(6638.338 -0.010 6829.941),(0.680 0.001 0.733),(6.389 0.000 6.887),(-87.175 0.006 -92.791),1703.960,5.000,0.967,0.000,0.004,(20.631 -0.001 21.776)
414.4,(6639.628 -0.010 6831.333),(0.680 0.001 0.733),(6.502 0.000 7.009),(-90.049 0.006 -95.793),1724.502,5.000,0.967,0.000,0.004,(20.977 -0.001 22.141)
414.6,(6640.939 -0.010 6832.747),(0.680 0.001 0.733),(6.595 0.000 7.109),(-92.939 0.003 -98.813),1730.252,5.000,0.967,0.000,0.004,(20.978 0.000 22.142)
414.8,(6642.271 -0.010 6834.182),(0.680 0.001 0.733),(6.710 0.000 7.233),(-95.843 0.006 -101.847),1742.925,5.000,0.967,0.000,0.004,(21.324 -0.001 22.508)
415,(6643.622 -0.010 6835.639),(0.680 0.001 0.733),(6.804 0.000 7.334),(-98.782 0.005 -104.918),1750.758,5.000,0.967,0.000,0.004,(21.563 0.000 22.760)
415.2,(6644.996 -0.010 6837.120),(0.680 0.001 0.733),(6.920 0.000 7.459),(-101.747 0.005 -108.015),1761.847,5.000,0.967,0.000,0.006,(21.793 -0.001 23.003)
415.4,(6646.389 -0.010 6838.622),(0.680 0.001 0.733),(7.016 0.000 7.559),(-104.737 0.005 -111.140),1770.003,5.000,0.965,0.000,0.008,(22.023 -0.001 23.245)
415.6,(6647.804 -0.010 6840.147),(0.680 0.001 0.733),(7.115 0.000 7.665),(-107.751 0.005 -114.275),1736.812,5.000,0.965,0.000,0.008,(22.318 -0.022 23.227)
415.8,(6649.240 -0.010 6841.692),(0.680 0.001 0.733),(7.227 0.000 7.786),(-110.817 0.006 -117.391),1789.931,5.000,0.966,0.000,0.008,(22.603 0.008 23.415)
416,(6650.696 -0.010 6843.262),(0.680 0.001 0.733),(7.321 0.000 7.892),(-113.906 0.006 -120.531),1789.769,5.000,0.966,0.000,0.004,(22.833 -0.004 23.655)
416.2,(6652.173 -0.010 6844.854),(0.680 0.001 0.733),(7.438 0.000 8.018),(-117.021 0.006 -123.697),1809.960,5.000,0.965,0.000,0.004,(23.062 0.000 23.893)
416.4,(6653.672 -0.010 6846.470),(0.680 0.001 0.733),(7.534 0.000 8.122),(-120.159 0.006 -126.886),1817.447,5.000,0.966,0.000,0.004,(23.291 -0.001 24.130)
416.6,(6655.192 -0.010 6848.108),(0.680 0.001 0.733),(7.652 0.000 8.249),(-123.323 0.006 -130.099),1830.687,5.000,0.965,0.000,0.004,(23.519 0.000 24.366)
416.8,(6656.732 -0.010 6849.769),(0.680 0.001 0.733),(7.749 0.000 8.354),(-126.512 0.006 -133.338),1839.857,5.000,0.965,0.000,0.004,(23.746 -0.001 24.602)
417,(6658.294 -0.010 6851.453),(0.680 0.001 0.733),(7.868 0.000 8.482),(-129.750 0.007 -136.518),1852.040,5.000,0.965,0.000,0.004,(24.277 0.009 24.216)
417.2,(6659.877 -0.010 6853.160),(0.680 0.001 0.733),(7.964 0.000 8.588),(-133.045 0.006 -139.683),1861.758,5.000,0.965,0.000,0.002,(24.491 -0.002 24.464)
417.4,(6661.483 -0.010 6854.891),(0.680 0.001 0.733),(8.066 0.000 8.698),(-136.364 0.006 -142.870),1828.966,5.000,0.965,0.000,0.002,(24.722 -0.001 24.693)
417.6,(6663.109 -0.010 6856.644),(0.680 0.001 0.733),(8.182 0.000 8.824),(-139.707 0.006 -146.081),1884.000,5.000,0.965,0.000,0.002,(24.951 0.000 24.921)
417.8,(6664.758 -0.010 6858.422),(0.680 0.001 0.733),(8.282 0.000 8.931),(-143.073 0.007 -149.312),1887.129,5.000,0.965,0.000,0.002,(25.179 -0.001 25.150)
418,(6666.428 -0.010 6860.222),(0.680 0.001 0.733),(8.403 0.000 9.061),(-146.464 0.006 -152.567),1906.775,5.000,0.965,0.000,0.004,(25.407 0.000 25.377)
418.2,(6668.120 -0.010 6862.046),(0.680 0.001 0.733),(8.505 0.000 9.166),(-149.878 0.007 -155.844),1916.097,5.000,0.965,0.000,0.006,(25.634 -0.001 25.603)
418.4,(6669.834 -0.010 6863.894),(0.680 0.002 0.733),(8.627 0.000 9.298),(-153.316 0.007 -159.141),1930.155,5.000,0.965,0.000,0.006,(25.860 -0.001 25.829)
418.6,(6671.569 -0.010 6865.765),(0.680 0.001 0.733),(8.727 0.000 9.406),(-156.778 0.007 -162.461),1940.739,5.000,0.965,0.000,0.006,(26.085 -0.001 26.054)
418.8,(6673.328 -0.011 6867.661),(0.680 0.002 0.733),(8.850 0.000 9.539),(-160.261 0.007 -165.801),1954.163,5.000,0.965,0.000,0.006,(26.310 -0.001 26.279)
419,(6675.108 -0.010 6869.578),(0.680 0.001 0.733),(8.953 0.000 9.646),(-163.767 0.007 -169.164),1965.226,5.000,0.966,0.000,0.008,(26.533 -0.001 26.502)
419.2,(6676.912 -0.010 6871.521),(0.680 0.001 0.733),(9.059 0.000 9.760),(-167.294 0.007 -172.545),1932.857,5.000,0.965,0.000,0.008,(26.756 -0.001 26.725)
419.4,(6678.736 -0.011 6873.487),(0.680 0.001 0.733),(9.179 0.000 9.890),(-170.846 0.007 -175.949),1990.232,5.000,0.965,0.000,0.008,(26.979 -0.001 26.947)
419.6,(6680.584 -0.010 6875.479),(0.680 0.001 0.733),(9.282 0.000 10.001),(-174.418 0.007 -179.371),1996.938,5.000,0.965,0.000,0.008,(27.200 -0.001 27.168)
419.8,(6682.455 -0.011 6877.494),(0.680 0.002 0.733),(9.407 0.000 10.135),(-178.012 0.007 -182.814),2015.852,5.000,0.965,0.000,0.008,(27.421 -0.001 27.388)
420,(6684.348 -0.010 6879.534),(0.680 0.001 0.733),(9.510 0.000 10.247),(-181.627 0.008 -186.276),2027.081,5.000,0.965,0.000,0.008,(27.640 -0.001 27.608)
420.2,(6686.265 -0.011 6881.598),(0.680 0.002 0.733),(9.638 0.000 10.382),(-185.262 0.007 -189.757),2042.127,5.000,0.965,0.000,0.010,(27.859 -0.001 27.827)
420.4,(6688.204 -0.011 6883.686),(0.680 0.001 0.733),(9.744 0.000 10.492),(-188.919 0.008 -193.259),2054.144,5.000,0.965,0.000,0.012,(28.078 -0.001 28.045)
420.6,(6690.167 -0.011 6885.800),(0.680 0.002 0.733),(9.871 0.000 10.629),(-192.620 0.009 -196.681),2069.079,5.000,0.965,0.000,0.012,(28.619 0.007 27.523)
420.8,(6692.152 -0.011 6887.937),(0.680 0.001 0.733),(9.978 0.000 10.740),(-196.381 0.007 -200.075),2081.520,5.000,0.965,0.000,0.014,(28.821 -0.001 27.757)
421,(6694.162 -0.011 6890.099),(0.680 0.001 0.733),(10.092 0.000 10.854),(-200.160 0.008 -203.487),2049.582,5.000,0.965,0.000,0.019,(29.042 -0.002 27.969)
421.2,(6696.194 -0.011 6892.284),(0.681 0.001 0.732),(10.227 0.000 10.979),(-203.960 0.008 -206.919),2109.514,5.000,0.965,0.000,0.021,(29.262 0.000 28.180)
421.4,(6698.253 -0.011 6894.493),(0.682 0.001 0.732),(10.342 0.000 11.085),(-207.778 0.008 -210.369),2120.016,5.000,0.965,0.000,0.021,(29.481 -0.001 28.391)
421.6,(6700.336 -0.011 6896.725),(0.682 0.002 0.731),(10.482 0.000 11.215),(-211.614 0.008 -213.838),2138.181,5.000,0.965,0.000,0.021,(29.699 0.000 28.601)
421.8,(6702.446 -0.011 6898.980),(0.683 0.001 0.731),(10.600 0.000 11.320),(-215.468 0.008 -217.326),2151.132,5.000,0.965,0.000,0.021,(29.916 -0.001 28.810)
422,(6704.581 -0.011 6901.259),(0.683 0.002 0.730),(10.741 0.000 11.452),(-219.337 0.007 -220.809),2167.545,5.000,0.965,0.000,0.021,(30.236 -0.024 28.458)
422.2,(6706.741 -0.011 6903.560),(0.684 0.001 0.729),(10.860 0.000 11.557),(-223.281 0.009 -224.188),2181.008,5.000,0.965,0.000,0.021,(30.694 0.024 28.403)
422.4,(6708.929 -0.011 6905.887),(0.685 0.002 0.729),(11.003 0.000 11.689),(-227.255 0.008 -227.566),2197.616,5.000,0.965,0.000,0.021,(30.900 -0.007 28.624)
422.6,(6711.140 -0.011 6908.234),(0.685 0.001 0.728),(11.123 0.000 11.795),(-231.246 0.008 -230.964),2211.500,5.000,0.965,0.000,0.021,(31.051 0.001 28.762)
422.8,(6713.380 -0.011 6910.607),(0.686 0.002 0.727),(11.247 0.000 11.906),(-235.209 0.007 -234.336),2179.967,5.000,0.965,0.000,0.021,(31.072 0.000 28.782)
423,(6715.645 -0.011 6913.002),(0.687 0.002 0.727),(11.389 0.000 12.034),(-239.178 0.008 -237.715),2242.739,5.000,0.966,0.000,0.017,(31.239 -0.001 28.937)
423.2,(6717.936 -0.011 6915.423),(0.687 0.001 0.727),(11.502 0.000 12.150),(-243.152 0.008 -241.099),2256.686,5.000,0.965,0.000,0.012,(31.405 0.000 29.091)
423.4,(6720.251 -0.011 6917.869),(0.687 0.002 0.727),(11.635 0.000 12.296),(-247.136 0.008 -244.488),2274.531,5.000,0.965,0.000,0.010,(31.571 -0.001 29.244)
423.6,(6722.591 -0.011 6920.341),(0.687 0.001 0.727),(11.749 0.000 12.412),(-251.129 0.009 -247.881),2288.999,5.000,0.965,0.000,0.012,(31.735 0.000 29.396)
423.8,(6724.956 -0.011 6922.840),(0.687 0.002 0.727),(11.887 0.000 12.556),(-255.126 0.008 -251.248),2307.102,5.000,0.965,0.000,0.012,(31.993 -0.031 28.993)
424,(6727.345 -0.011 6925.363),(0.687 0.001 0.726),(12.001 0.000 12.674),(-259.197 0.009 -254.492),2322.047,5.000,0.966,0.000,0.012,(32.412 0.024 28.850)
424.2,(6729.761 -0.011 6927.915),(0.687 0.002 0.726),(12.141 0.000 12.818),(-263.281 0.008 -257.729),2340.412,5.000,0.965,0.000,0.016,(32.569 -0.007 29.011)
424.4,(6732.200 -0.011 6930.488),(0.688 0.001 0.726),(12.248 0.000 12.920),(-267.374 0.009 -260.973),2344.013,5.000,0.592,0.000,0.016,(32.735 0.001 29.158)
424.6,(6734.649 -0.010 6933.070),(0.688 0.000 0.726),(12.225 0.000 12.874),(-271.490 0.010 -264.240),2240.458,5.000,0.000,0.000,0.016,(32.900 -0.001 29.305)
424.8,(6737.082 -0.010 6935.631),(0.689 -0.001 0.725),(12.123 0.000 12.745),(-275.655 0.010 -267.556),2257.883,5.000,0.000,0.000,0.014,(33.065 0.000 29.452)
425,(6739.495 -0.010 6938.168),(0.689 -0.001 0.725),(12.022 0.000 12.626),(-279.873 0.010 -270.926),2231.324,5.000,0.000,0.000,0.012,(33.228 0.000 29.598)
425.2,(6741.888 -0.010 6940.680),(0.690 -0.001 0.724),(11.920 0.000 12.506),(-284.144 0.010 -274.349),2212.983,5.000,0.000,0.000,0.012,(33.391 0.000 29.743)
425.4,(6744.262 -0.010 6943.170),(0.690 0.000 0.724),(11.845 0.000 12.406),(-288.466 0.010 -277.824),2229.992,5.000,0.316,0.000,0.019,(33.554 0.000 29.887)
425.6,(6746.630 -0.011 6945.647),(0.691 0.001 0.723),(11.858 0.000 12.383),(-292.826 0.010 -281.339),2256.997,5.000,0.524,0.000,0.019,(33.715 0.000 30.031)
425.8,(6749.006 -0.011 6948.125),(0.692 0.001 0.722),(11.903 0.000 12.400),(-297.211 0.010 -284.884),2275.080,5.000,0.647,0.000,0.017,(33.876 0.000 30.175)
426,(6751.394 -0.011 6950.611),(0.693 0.001 0.721),(11.978 0.000 12.452),(-301.627 0.010 -288.373),2286.343,5.000,0.677,0.000,0.017,(34.352 -0.009 29.485)
426.2,(6753.795 -0.011 6953.104),(0.694 0.001 0.720),(12.041 0.000 12.491),(-306.124 0.010 -291.782),2294.343,5.000,0.685,0.000,0.017,(34.558 0.010 29.573)
426.4,(6756.212 -0.011 6955.609),(0.694 0.001 0.720),(12.108 0.000 12.536),(-310.636 0.010 -295.208),2255.913,5.000,0.686,0.000,0.017,(34.720 -0.005 29.715)
426.6,(6758.641 -0.011 6958.122),(0.695 0.001 0.719),(12.186 0.000 12.589),(-315.169 0.010 -298.653),2311.870,5.000,0.689,0.000,0.019,(34.881 0.001 29.854)
426.8,(6761.086 -0.011 6960.646),(0.696 0.001 0.718),(12.254 0.000 12.627),(-319.717 0.010 -302.116),2319.523,5.000,0.690,0.000,0.019,(35.043 -0.001 29.992)
427,(6763.546 -0.011 6963.178),(0.697 0.001 0.717),(12.340 0.000 12.685),(-324.284 0.010 -305.597),2330.156,5.000,0.700,0.000,0.017,(35.203 0.000 30.129)
427.2,(6766.021 -0.011 6965.721),(0.698 0.001 0.717),(12.409 0.000 12.735),(-328.867 0.010 -309.095),2341.009,5.000,0.742,0.000,0.016,(35.363 0.000 30.266)
427.4,(6768.513 -0.011 6968.277),(0.698 0.001 0.716),(12.503 0.000 12.813),(-333.465 0.010 -312.607),2353.649,5.000,0.751,0.000,0.014,(35.523 0.000 30.402)
427.6,(6771.021 -0.011 6970.846),(0.698 0.001 0.716),(12.576 0.000 12.876),(-338.080 0.010 -316.134),2363.532,5.000,0.756,0.000,0.016,(35.681 0.000 30.538)
427.8,(6773.546 -0.011 6973.430),(0.699 0.001 0.715),(12.671 0.000 12.958),(-342.708 0.010 -319.672),2376.096,5.000,0.756,0.000,0.014,(35.839 0.000 30.673)
428,(6776.087 -0.011 6976.028),(0.699 0.001 0.715),(12.741 0.000 13.026),(-347.352 0.010 -323.224),2385.970,5.000,0.756,0.000,0.008,(35.996 0.000 30.808)
428.2,(6778.645 -0.011 6978.643),(0.699 0.001 0.715),(12.812 0.000 13.101),(-352.011 0.010 -326.785),2349.138,5.000,0.756,0.000,0.006,(36.153 0.000 30.942)
428.4,(6781.215 -0.011 6981.273),(0.699 0.001 0.715),(12.892 0.000 13.191),(-356.688 0.011 -330.358),2408.648,5.000,0.761,0.000,0.002,(36.308 0.000 31.075)
428.6,(6783.802 -0.011 6983.920),(0.699 0.001 0.715),(12.963 0.000 13.263),(-361.378 0.011 -333.939),2419.984,5.000,0.771,0.000,0.004,(36.402 0.000 31.155)
428.8,(6786.405 -0.011 6986.583),(0.699 0.001 0.715),(13.056 0.000 13.358),(-366.087 0.011 -337.495),2432.794,5.000,0.772,0.000,0.004,(36.576 0.006 31.100)
429,(6789.024 -0.011 6989.264),(0.699 0.001 0.715),(13.128 0.000 13.432),(-370.815 0.011 -341.024),2443.238,5.000,0.773,0.000,0.004,(36.808 0.004 31.101)
429.2,(6791.660 -0.011 6991.960),(0.699 0.001 0.715),(13.225 0.000 13.525),(-375.558 0.011 -344.532),2457.109,5.000,0.775,0.000,0.010,(36.983 0.005 31.042)
429.4,(6794.313 -0.011 6994.673),(0.699 0.001 0.715),(13.302 0.000 13.597),(-380.316 0.011 -348.045),2467.151,5.000,0.776,0.000,0.010,(37.128 -0.001 31.183)
429.6,(6796.984 -0.011 6997.403),(0.699 0.001 0.715),(13.397 0.000 13.694),(-385.086 0.010 -351.519),2480.172,5.000,0.777,0.000,0.010,(37.443 -0.025 30.581)
429.8,(6799.670 -0.011 7000.148),(0.699 0.001 0.715),(13.472 0.000 13.768),(-389.945 0.011 -354.859),2491.444,5.000,0.777,0.000,0.010,(37.825 0.025 30.442)
430,(6802.375 -0.011 7002.913),(0.699 0.001 0.715),(13.549 0.000 13.851),(-394.821 0.011 -358.200),2456.752,5.000,0.778,0.000,0.008,(37.973 -0.008 30.581)
430.2,(6805.095 -0.011 7005.693),(0.699 0.001 0.715),(13.642 0.000 13.944),(-399.713 0.011 -361.550),2521.821,5.000,0.783,0.000,0.008,(38.129 0.002 30.705)
430.4,(6807.833 -0.011 7008.492),(0.699 0.001 0.715),(13.719 0.000 14.023),(-404.523 0.012 -364.941),2534.789,5.000,0.789,0.000,0.008,(37.411 -0.007 31.368)
430.6,(6810.588 -0.012 7011.307),(0.699 0.001 0.715),(13.820 0.000 14.122),(-409.262 0.010 -368.422),2554.292,5.000,0.790,0.000,0.012,(37.536 0.007 31.528)
430.8,(6813.361 -0.011 7014.141),(0.699 0.001 0.715),(13.902 0.000 14.198),(-414.013 0.011 -371.908),2568.520,5.000,0.790,0.000,0.014,(37.690 -0.005 31.655)
431,(6816.153 -0.012 7016.991),(0.700 0.002 0.715),(14.008 0.000 14.294),(-418.775 0.011 -375.403),2587.196,5.000,0.790,0.000,0.014,(37.841 0.001 31.782)
431.2,(6818.963 -0.011 7019.857),(0.700 0.001 0.714),(14.091 0.000 14.370),(-423.550 0.011 -378.906),2601.722,5.000,0.790,0.000,0.010,(37.992 -0.001 31.908)
431.4,(6821.792 -0.012 7022.743),(0.700 0.002 0.714),(14.192 0.000 14.473),(-428.335 0.011 -382.411),2620.291,5.000,0.790,0.000,0.010,(38.154 0.000 31.859)
431.6,(6824.638 -0.012 7025.645),(0.700 0.001 0.714),(14.275 0.000 14.551),(-433.138 0.011 -385.894),2635.112,5.000,0.796,0.000,0.014,(38.309 0.006 31.970)
431.8,(6827.505 -0.012 7028.565),(0.701 0.001 0.714),(14.376 0.000 14.624),(-437.946 0.011 -389.334),2601.250,5.000,0.800,0.000,0.023,(38.620 -0.027 31.359)
432,(6830.394 -0.012 7031.497),(0.702 0.001 0.712),(14.502 0.000 14.701),(-442.840 0.011 -392.641),2669.477,5.000,0.805,0.000,0.023,(39.006 0.026 31.202)
432.2,(6833.307 -0.012 7034.446),(0.703 0.001 0.711),(14.610 0.000 14.763),(-447.743 0.011 -395.948),2683.755,5.000,0.808,0.000,0.023,(39.149 -0.008 31.337)
432.4,(6836.244 -0.012 7037.408),(0.704 0.002 0.710),(14.742 0.000 14.848),(-452.646 0.011 -399.261),2704.758,5.000,0.808,0.000,0.023,(39.177 0.002 31.359)
432.6,(6839.204 -0.012 7040.386),(0.705 0.001 0.709),(14.852 0.000 14.909),(-457.439 0.012 -402.608),2720.202,5.000,0.808,0.000,0.023,(38.388 -0.009 32.093)
432.8,(6842.189 -0.012 7043.377),(0.706 0.002 0.708),(14.985 0.000 14.994),(-462.134 0.010 -406.056),2740.330,5.000,0.808,0.000,0.023,(38.443 0.010 32.235)
433,(6845.197 -0.012 7046.383),(0.708 0.001 0.707),(15.097 0.000 15.055),(-466.827 0.011 -409.507),2756.120,5.000,0.809,0.000,0.023,(38.547 -0.006 32.318)
433.2,(6848.230 -0.012 7049.404),(0.709 0.002 0.705),(15.232 0.000 15.140),(-471.514 0.011 -412.959),2776.180,5.000,0.809,0.000,0.023,(38.649 0.002 32.403)
433.4,(6851.288 -0.012 7052.437),(0.710 0.001 0.704),(15.345 0.000 15.201),(-476.197 0.011 -416.416),2792.202,5.000,0.809,0.000,0.023,(38.750 -0.001 32.488)
433.6,(6854.371 -0.012 7055.487),(0.711 0.002 0.703),(15.462 0.000 15.267),(-480.874 0.011 -419.854),2757.521,5.000,0.809,0.000,0.025,(38.898 -0.025 32.209)
433.8,(6857.477 -0.012 7058.548),(0.712 0.002 0.702),(15.599 0.000 15.342),(-485.578 0.011 -423.220),2828.408,5.000,0.809,0.000,0.025,(39.097 0.013 32.169)
434,(6860.610 -0.012 7061.625),(0.714 0.001 0.700),(15.717 0.000 15.399),(-490.275 0.011 -426.587),2843.171,5.000,0.809,0.000,0.025,(39.196 -0.005 32.256)
434.2,(6863.769 -0.012 7064.713),(0.715 0.002 0.699),(15.858 0.000 15.480),(-494.966 0.011 -429.960),2864.752,5.000,0.809,0.000,0.023,(39.297 0.001 32.339)
434.4,(6866.953 -0.012 7067.816),(0.716 0.001 0.698),(15.973 0.000 15.539),(-499.653 0.011 -433.334),2880.603,5.000,0.807,0.000,0.023,(39.397 -0.001 32.421)
434.6,(6870.158 -0.012 7070.931),(0.718 0.001 0.696),(16.051 0.000 15.557),(-504.338 0.011 -436.712),2893.150,5.000,0.122,0.000,0.023,(39.497 0.000 32.503)
434.8,(6873.358 -0.011 7074.026),(0.719 -0.001 0.695),(15.963 0.000 15.407),(-509.048 0.012 -440.127),2872.863,5.000,0.000,0.000,0.021,(39.596 0.000 32.585)
435,(6876.539 -0.011 7077.092),(0.720 -0.001 0.694),(15.860 0.000 15.259),(-513.797 0.012 -443.586),2850.271,5.000,0.000,0.000,0.016,(39.695 0.000 32.666)
435.2,(6879.699 -0.011 7080.129),(0.721 -0.001 0.693),(15.749 0.000 15.122),(-518.587 0.013 -447.092),2827.456,5.000,0.000,0.000,0.012,(39.793 0.000 32.747)
435.4,(6882.836 -0.011 7083.139),(0.721 -0.001 0.692),(15.635 0.000 14.999),(-523.420 0.013 -450.640),2754.445,5.000,0.049,0.000,0.006,(39.891 0.000 32.828)
435.6,(6885.954 -0.011 7086.130),(0.721 0.000 0.692),(15.571 0.000 14.939),(-528.284 0.012 -454.217),2792.346,5.000,0.372,0.000,0.008,(39.900 0.000 32.835)
435.8,(6889.067 -0.011 7089.116),(0.722 0.000 0.692),(15.555 0.000 14.908),(-533.158 0.012 -457.806),2786.722,5.000,0.407,0.000,0.016,(39.907 0.000 32.841)
436,(6892.180 -0.012 7092.095),(0.722 0.001 0.691),(15.581 0.000 14.898),(-537.835 0.001 -461.237),2788.588,5.000,0.517,0.000,0.016,(38.086 0.006 31.342)
436.2,(6895.299 -0.012 7095.074),(0.723 0.001 0.691),(15.617 0.000 14.898),(-542.127 0.003 -464.388),2791.437,5.000,0.558,0.000,0.016,(36.136 0.001 30.084)
436.4,(6898.429 -0.012 7098.056),(0.724 0.001 0.690),(15.667 0.000 14.924),(-546.018 0.000 -467.247),2798.596,5.000,0.573,0.000,0.008,(34.282 0.006 28.449)
436.6,(6901.565 -0.012 7101.044),(0.724 0.001 0.690),(15.705 0.000 14.957),(-549.524 0.000 -469.791),2804.733,5.000,0.633,0.000,0.008,(32.379 -0.008 27.170)
436.8,(6904.714 -0.012 7104.042),(0.724 0.001 0.690),(15.768 0.000 15.015),(-552.647 -0.001 -472.080),2815.651,5.000,0.634,0.000,0.008,(30.579 0.015 25.822)
437,(6907.871 -0.012 7107.048),(0.724 0.001 0.690),(15.813 0.000 15.056),(-555.417 -0.002 -474.074),2823.610,5.000,0.642,0.000,0.008,(28.871 0.001 24.321)
437.2,(6911.041 -0.012 7110.066),(0.724 0.001 0.690),(15.864 0.000 15.104),(-557.852 -0.002 -475.792),2780.864,5.000,0.653,0.000,0.008,(27.228 0.005 23.123)
437.4,(6914.220 -0.012 7113.093),(0.724 0.001 0.690),(15.933 0.000 15.170),(-559.936 -0.004 -477.245),2844.730,5.000,0.707,0.000,0.006,(25.560 0.007 21.765)
437.6,(6917.415 -0.012 7116.135),(0.724 0.001 0.690),(15.997 0.000 15.232),(-561.677 -0.003 -478.407),2854.911,5.000,0.721,0.000,0.008,(24.001 -0.006 20.521)
437.8,(6920.625 -0.012 7119.191),(0.724 0.001 0.690),(16.091 0.000 15.311),(-563.090 -0.005 -479.317),2871.877,5.000,0.725,0.000,0.016,(22.369 0.004 19.294)
438,(6923.852 -0.012 7122.259),(0.725 0.001 0.689),(16.175 0.000 15.359),(-564.159 -0.006 -479.961),2883.728,5.000,0.726,0.000,0.017,(20.797 0.004 17.963)
438.2,(6927.099 -0.012 7125.339),(0.726 0.001 0.688),(16.278 0.000 15.423),(-564.927 -0.005 -480.350),2900.064,5.000,0.635,0.000,0.017,(19.385 0.005 16.792)
438.4,(6930.351 -0.011 7128.417),(0.727 -0.001 0.687),(16.227 0.000 15.334),(-565.379 -0.006 -480.491),2890.527,5.000,0.000,0.000,0.017,(17.786 0.002 15.513)
438.6,(6933.584 -0.011 7131.468),(0.728 -0.001 0.686),(16.121 0.000 15.188),(-565.552 -0.005 -480.413),2868.428,5.000,0.000,0.000,0.017,(16.472 0.002 14.368)
438.8,(6936.797 -0.011 7134.491),(0.729 -0.001 0.685),(16.015 0.000 15.044),(-565.463 -0.007 -480.115),2845.432,5.000,0.000,0.000,0.017,(14.969 0.001 13.049)
439,(6939.988 -0.011 7137.484),(0.730 -0.001 0.684),(15.914 0.000 14.906),(-565.102 -0.007 -479.586),2772.146,5.000,0.000,0.000,0.017,(13.488 0.002 11.751)
439.2,(6943.157 -0.011 7140.450),(0.731 -0.001 0.683),(15.804 0.000 14.760),(-564.490 -0.006 -478.849),2800.072,5.000,0.068,0.000,0.017,(12.169 0.001 10.597)
439.4,(6946.311 -0.011 7143.392),(0.731 0.000 0.682),(15.746 0.000 14.664),(-563.613 -0.008 -477.889),2784.107,5.000,0.282,0.000,0.017,(10.711 0.001 9.327)
439.6,(6949.460 -0.011 7146.319),(0.732 0.000 0.681),(15.739 0.000 14.617),(-562.454 -0.007 -476.695),2779.397,5.000,0.369,0.000,0.017,(9.397 0.001 8.183)
439.8,(6952.610 -0.011 7149.238),(0.734 0.000 0.680),(15.745 0.000 14.576),(-561.023 -0.008 -475.272),2775.651,5.000,0.475,0.000,0.021,(7.946 0.001 6.919)
440,(6955.764 -0.012 7152.154),(0.735 0.001 0.678),(15.797 0.000 14.568),(-559.293 -0.009 -473.596),2779.629,5.000,0.520,0.000,0.021,(6.473 0.001 5.636)
440.2,(6958.927 -0.012 7155.067),(0.736 0.001 0.677),(15.838 0.000 14.550),(-557.278 -0.008 -471.683),2781.867,5.000,0.529,0.000,0.019,(5.122 0.001 4.460)
440.4,(6962.100 -0.012 7157.978),(0.737 0.001 0.676),(15.898 0.000 14.558),(-554.984 -0.009 -469.539),2788.068,5.000,0.560,0.000,0.019,(3.793 0.000 3.303)
440.6,(6965.283 -0.012 7160.888),(0.738 0.001 0.674),(15.947 0.000 14.555),(-552.425 -0.007 -467.171),2792.534,5.000,0.577,0.000,0.017,(2.696 0.000 2.348)
440.8,(6968.479 -0.012 7163.802),(0.739 0.001 0.674),(16.003 0.000 14.569),(-549.697 -0.005 -464.665),2747.567,5.000,0.605,0.000,0.016,(2.076 0.000 1.808)
441,(6971.687 -0.012 7166.719),(0.740 0.001 0.673),(16.066 0.000 14.599),(-546.858 -0.004 -462.068),2807.513,5.000,0.607,0.000,0.014,(1.691 0.000 1.472)
441.2,(6974.906 -0.012 7169.643),(0.740 0.001 0.672),(16.113 0.000 14.623),(-543.963 -0.003 -459.427),2812.934,5.000,0.614,0.000,0.012,(1.589 0.000 1.384)
441.4,(6978.136 -0.012 7172.572),(0.741 0.001 0.672),(16.178 0.000 14.665),(-541.045 -0.003 -456.769),2823.997,5.000,0.616,0.000,0.014,(1.532 0.000 1.334)
441.6,(6981.378 -0.012 7175.508),(0.741 0.001 0.671),(16.231 0.000 14.687),(-538.103 -0.003 -454.094),2830.662,5.000,0.620,0.000,0.016,(1.474 0.000 1.284)
441.8,(6984.632 -0.012 7178.450),(0.742 0.001 0.670),(16.306 0.000 14.724),(-535.137 -0.003 -451.404),2841.164,5.000,0.623,0.000,0.016,(1.416 0.000 1.233)
442,(6987.898 -0.012 7181.396),(0.743 0.001 0.670),(16.366 0.000 14.740),(-532.148 -0.003 -448.699),2848.338,5.000,0.633,0.000,0.017,(1.359 0.000 1.183)
442.2,(6991.180 -0.012 7184.348),(0.744 0.001 0.669),(16.450 0.000 14.779),(-529.131 -0.003 -445.977),2859.630,5.000,0.650,0.000,0.017,(1.301 0.000 1.133)
442.4,(6994.476 -0.012 7187.306),(0.744 0.001 0.668),(16.517 0.000 14.804),(-526.090 -0.003 -443.241),2868.316,5.000,0.659,0.000,0.016,(1.243 0.000 1.083)
442.6,(6997.788 -0.012 7190.272),(0.745 0.001 0.667),(16.589 0.000 14.839),(-523.020 -0.003 -440.485),2825.916,5.000,0.667,0.000,0.016,(1.186 0.000 1.033)
442.8,(7001.114 -0.012 7193.244),(0.746 0.001 0.666),(16.666 0.000 14.876),(-519.988 0.000 -437.771),2889.399,5.000,0.421,0.000,0.017,(1.630 0.000 1.420)
443,(7004.441 -0.011 7196.210),(0.747 -0.001 0.665),(16.595 0.000 14.770),(-516.997 -0.002 -435.097),2875.763,5.000,0.000,0.000,0.017,(1.723 0.000 1.501)
443.2,(7007.748 -0.011 7199.149),(0.748 -0.001 0.664),(16.485 0.000 14.628),(-514.042 -0.002 -432.465),2854.228,5.000,0.000,0.000,0.017,(1.787 0.000 1.556)
443.4,(7011.033 -0.011 7202.060),(0.749 -0.001 0.663),(16.374 0.000 14.488),(-511.121 -0.002 -429.871),2831.298,5.000,0.000,0.000,0.017,(1.844 0.000 1.606)
443.6,(7014.295 -0.011 7204.943),(0.750 -0.001 0.662),(16.263 0.000 14.350),(-508.233 -0.002 -427.315),2808.740,5.000,0.000,0.000,0.014,(1.899 0.000 1.654)
443.8,(7017.535 -0.011 7207.799),(0.750 -0.001 0.661),(16.145 0.000 14.220),(-505.379 -0.002 -424.794),2786.173,5.000,0.012,0.000,0.014,(1.954 0.000 1.701)
444,(7020.755 -0.011 7210.633),(0.751 0.000 0.660),(16.090 0.000 14.141),(-502.556 -0.002 -422.306),2771.779,5.000,0.392,0.000,0.016,(2.008 0.000 1.748)
444.2,(7023.973 -0.011 7213.457),(0.752 0.001 0.660),(16.092 0.000 14.110),(-499.745 -0.002 -419.837),2768.811,5.000,0.438,0.000,0.016,(2.061 0.000 1.795)
444.4,(7027.194 -0.012 7216.279),(0.752 0.001 0.659),(16.116 0.000 14.102),(-496.942 -0.002 -417.379),2719.028,5.000,0.543,0.000,0.014,(2.113 0.000 1.840)
444.6,(7030.422 -0.012 7219.102),(0.753 0.001 0.658),(16.160 0.000 14.115),(-494.142 -0.002 -414.929),2775.350,5.000,0.547,0.000,0.014,(2.165 0.000 1.885)
444.8,(7033.659 -0.012 7221.927),(0.753 0.001 0.658),(16.198 0.000 14.128),(-491.345 -0.002 -412.485),2778.633,5.000,0.609,0.000,0.012,(2.216 0.000 1.930)
445,(7036.906 -0.012 7224.758),(0.754 0.001 0.657),(16.264 0.000 14.172),(-488.546 -0.003 -410.045),2789.773,5.000,0.630,0.000,0.010,(2.266 0.000 1.973)
445.2,(7040.164 -0.012 7227.596),(0.754 0.001 0.657),(16.313 0.000 14.206),(-485.747 -0.002 -407.606),2797.183,5.000,0.640,0.000,0.012,(2.316 0.000 2.016)
445.4,(7043.435 -0.012 7230.443),(0.754 0.001 0.657),(16.387 0.000 14.257),(-482.944 -0.003 -405.167),2808.843,5.000,0.648,0.000,0.010,(2.364 0.000 2.059)
445.6,(7046.717 -0.012 7233.298),(0.754 0.001 0.656),(16.438 0.000 14.297),(-480.140 -0.002 -402.729),2817.186,5.000,0.651,0.000,0.008,(2.413 0.000 2.101)
445.8,(7050.012 -0.012 7236.165),(0.754 0.001 0.657),(16.507 0.000 14.359),(-477.333 -0.003 -400.288),2829.155,5.000,0.655,0.000,0.008,(2.460 0.000 2.142)
446,(7053.318 -0.012 7239.040),(0.754 0.001 0.656),(16.561 0.000 14.401),(-474.524 -0.003 -397.845),2837.977,5.000,0.659,0.000,0.010,(2.507 0.000 2.183)
446.2,(7056.638 -0.012 7241.926),(0.755 0.001 0.656),(16.622 0.000 14.445),(-471.710 -0.003 -395.400),2795.822,5.000,0.660,0.000,0.012,(2.553 0.000 2.223)
446.4,(7059.971 -0.012 7244.821),(0.755 0.001 0.656),(16.699 0.000 14.492),(-468.893 -0.003 -392.954),2859.283,5.000,0.660,0.000,0.014,(2.598 0.000 2.262)
446.6,(7063.318 -0.012 7247.724),(0.755 0.001 0.655),(16.762 0.000 14.525),(-466.070 -0.003 -390.507),2867.044,5.000,0.660,0.000,0.014,(2.642 0.000 2.301)
446.8,(7066.680 -0.012 7250.635),(0.756 0.001 0.655),(16.847 0.000 14.575),(-463.242 -0.003 -388.061),2880.633,5.000,0.661,0.000,0.016,(2.686 0.000 2.339)
447,(7070.056 -0.012 7253.554),(0.757 0.001 0.654),(16.914 0.000 14.603),(-460.407 -0.003 -385.613),2889.399,5.000,0.661,0.000,0.016,(2.729 0.000 2.376)
447.2,(7073.448 -0.012 7256.480),(0.757 0.001 0.653),(17.001 0.000 14.650),(-457.565 -0.003 -383.167),2902.099,5.000,0.661,0.000,0.016,(2.771 0.000 2.413)
447.4,(7076.854 -0.012 7259.413),(0.758 0.001 0.652),(17.069 0.000 14.678),(-454.718 -0.003 -380.721),2911.080,5.000,0.661,0.000,0.016,(2.813 0.000 2.449)
447.6,(7080.278 -0.012 7262.354),(0.759 0.001 0.652),(17.157 0.000 14.724),(-451.862 -0.003 -378.273),2923.616,5.000,0.662,0.000,0.016,(2.854 0.000 2.485)
447.8,(7083.715 -0.012 7265.301),(0.759 0.001 0.651),(17.225 0.000 14.753),(-449.000 -0.003 -375.827),2932.780,5.000,0.663,0.000,0.016,(2.894 0.000 2.520)
448,(7087.170 -0.012 7268.257),(0.760 0.001 0.650),(17.299 0.000 14.786),(-446.129 -0.003 -373.378),2889.782,5.000,0.663,0.000,0.016,(2.933 0.000 2.554)
448.2,(7090.639 -0.012 7271.219),(0.761 0.001 0.649),(17.380 0.000 14.825),(-443.251 -0.003 -370.931),2954.448,5.000,0.565,0.000,0.016,(2.972 0.000 2.588)
448.4,(7094.113 -0.011 7274.179),(0.761 0.000 0.648),(17.347 0.000 14.755),(-440.375 -0.002 -368.492),2947.502,5.000,0.002,0.000,0.017,(3.010 0.000 2.621)
448.6,(7097.570 -0.011 7277.115),(0.762 -0.001 0.647),(17.232 0.000 14.613),(-437.525 -0.002 -366.084),2925.921,5.000,0.000,0.000,0.017,(3.047 0.000 2.654)
448.8,(7101.003 -0.011 7280.022),(0.763 -0.001 0.646),(17.118 0.000 14.472),(-434.705 -0.002 -363.711),2902.751,5.000,0.000,0.000,0.017,(3.084 0.000 2.686)
449,(7104.413 -0.011 7282.902),(0.764 -0.001 0.645),(17.003 0.000 14.333),(-431.916 -0.002 -361.372),2879.855,5.000,0.009,0.000,0.017,(3.120 0.000 2.717)
449.2,(7107.805 -0.011 7285.757),(0.765 0.000 0.644),(16.937 0.000 14.240),(-429.152 -0.002 -359.064),2863.792,5.000,0.309,0.000,0.014,(3.156 0.000 2.748)
449.4,(7111.191 -0.012 7288.602),(0.766 0.001 0.643),(16.933 0.000 14.213),(-426.401 -0.002 -356.773),2860.132,5.000,0.452,0.000,0.010,(3.190 0.000 2.778)
449.6,(7114.578 -0.012 7291.444),(0.766 0.001 0.643),(16.950 0.000 14.223),(-423.657 -0.002 -354.489),2861.763,5.000,0.593,0.000,0.006,(3.224 0.000 2.808)
449.8,(7117.973 -0.012 7294.293),(0.766 0.001 0.643),(16.991 0.000 14.263),(-420.909 -0.003 -352.204),2816.780,5.000,0.630,0.000,0.004,(3.258 0.000 2.837)
450,(7121.378 -0.012 7297.151),(0.766 0.001 0.643),(17.053 0.000 14.315),(-418.160 -0.003 -349.917),2879.338,5.000,0.645,0.000,0.004,(3.290 0.000 2.865)
450.2,(7124.795 -0.012 7300.020),(0.766 0.001 0.643),(17.106 0.000 14.355),(-415.404 -0.003 -347.624),2886.653,5.000,0.664,0.000,0.006,(3.323 0.000 2.893)
450.4,(7128.226 -0.012 7302.898),(0.766 0.001 0.643),(17.185 0.000 14.422),(-412.642 -0.003 -345.328),2900.948,5.000,0.691,0.000,0.006,(3.354 0.000 2.921)
450.6,(7131.670 -0.012 7305.789),(0.766 0.001 0.643),(17.249 0.000 14.475),(-409.869 -0.003 -343.025),2911.375,5.000,0.708,0.000,0.006,(3.372 0.000 2.952)
450.8,(7135.130 -0.012 7308.692),(0.766 0.002 0.643),(17.345 0.000 14.552),(-407.087 -0.003 -340.715),2927.261,5.000,0.751,0.000,0.008,(3.404 0.000 2.976)
451,(7138.607 -0.012 7311.609),(0.766 0.001 0.643),(17.428 0.000 14.620),(-404.294 -0.003 -338.396),2940.933,5.000,0.765,0.000,0.008,(3.434 0.000 3.002)
451.2,(7142.105 -0.012 7314.543),(0.766 0.002 0.643),(17.538 0.000 14.712),(-401.487 -0.003 -336.065),2959.423,5.000,0.782,0.000,0.008,(3.463 0.000 3.028)
451.4,(7145.621 -0.012 7317.493),(0.766 0.001 0.643),(17.627 0.000 14.786),(-398.667 -0.003 -333.724),2974.520,5.000,0.783,0.000,0.008,(3.492 0.000 3.053)
451.6,(7149.158 -0.012 7320.460),(0.766 0.002 0.643),(17.724 0.000 14.863),(-395.831 -0.003 -331.370),2936.862,5.000,0.783,0.000,0.010,(3.520 0.000 3.078)
451.8,(7152.715 -0.012 7323.441),(0.766 0.002 0.643),(17.834 0.000 14.952),(-392.981 -0.003 -329.007),3008.871,5.000,0.783,0.000,0.010,(3.548 0.000 3.102)
452,(7156.292 -0.012 7326.441),(0.766 0.001 0.643),(17.898 0.000 15.009),(-390.117 -0.003 -326.630),3009.701,5.000,0.783,0.000,0.008,(3.575 0.000 3.126)
452.2,(7159.883 -0.012 7329.453),(0.766 0.002 0.643),(18.013 0.000 15.103),(-387.244 -0.003 -324.247),3039.213,5.000,0.785,0.000,0.008,(3.602 0.000 3.149)
452.4,(7163.497 -0.012 7332.482),(0.766 0.001 0.643),(18.105 0.000 15.177),(-384.354 -0.003 -321.850),3054.020,5.000,0.785,0.000,0.010,(3.628 0.000 3.172)
452.6,(7167.130 -0.012 7335.528),(0.766 0.002 0.643),(18.222 0.000 15.273),(-381.448 -0.003 -319.440),3073.828,5.000,0.785,0.000,0.008,(3.654 0.000 3.194)
452.8,(7170.784 -0.012 7338.591),(0.766 0.001 0.643),(18.312 0.000 15.350),(-378.528 -0.003 -317.019),3089.156,5.000,0.790,0.000,0.008,(3.679 0.000 3.216)
453,(7174.459 -0.013 7341.672),(0.766 0.002 0.643),(18.430 0.000 15.449),(-375.591 -0.003 -314.583),3109.038,5.000,0.790,0.000,0.008,(3.704 0.000 3.238)
453.2,(7178.154 -0.012 7344.769),(0.766 0.002 0.643),(18.524 0.000 15.525),(-372.640 -0.003 -312.135),3124.731,5.000,0.790,0.000,0.008,(3.728 0.000 3.259)
453.4,(7181.872 -0.013 7347.884),(0.766 0.002 0.642),(18.625 0.000 15.603),(-369.670 -0.003 -309.674),3085.901,5.000,0.792,0.000,0.012,(3.752 0.000 3.280)
453.6,(7185.609 -0.013 7351.014),(0.767 0.002 0.642),(18.750 0.000 15.688),(-366.688 -0.003 -307.207),3160.675,5.000,0.806,0.000,0.016,(3.846 0.000 3.362)
453.8,(7189.373 -0.013 7354.160),(0.767 0.001 0.641),(18.863 0.000 15.753),(-363.718 -0.002 -304.755),3175.831,5.000,0.807,0.000,0.017,(4.083 0.000 3.570)
454,(7193.161 -0.013 7357.321),(0.768 0.002 0.641),(19.004 0.000 15.838),(-360.772 -0.003 -302.332),3198.208,5.000,0.808,0.000,0.017,(4.324 0.000 3.780)
454.2,(7196.975 -0.013 7360.496),(0.769 0.001 0.640),(19.119 0.000 15.901),(-357.850 -0.002 -299.937),3214.552,5.000,0.807,0.000,0.017,(4.570 0.000 3.995)
454.4,(7200.814 -0.013 7363.687),(0.769 0.002 0.639),(19.258 0.000 15.988),(-354.950 -0.003 -297.569),3235.902,5.000,0.807,0.000,0.014,(4.821 0.000 4.215)
454.6,(7204.675 -0.013 7366.892),(0.769 0.002 0.639),(19.361 0.000 16.066),(-352.083 -0.002 -295.231),3252.524,5.000,0.807,0.000,0.010,(5.077 0.000 4.439)
454.8,(7208.562 -0.013 7370.117),(0.769 0.002 0.639),(19.488 0.000 16.171),(-349.239 -0.003 -292.919),3273.731,5.000,0.808,0.000,0.010,(5.338 0.000 4.667)
455,(7212.469 -0.013 7373.358),(0.769 0.002 0.639),(19.589 0.000 16.251),(-346.429 -0.002 -290.637),3290.552,5.000,0.808,0.000,0.010,(5.602 0.000 4.898)
455.2,(7216.400 -0.013 7376.619),(0.769 0.002 0.639),(19.695 0.000 16.336),(-343.648 -0.002 -288.380),3250.834,5.000,0.807,0.000,0.012,(5.870 0.000 5.131)
455.4,(7220.353 -0.013 7379.896),(0.770 0.002 0.638),(19.824 0.000 16.428),(-340.898 -0.003 -286.156),3328.556,5.000,0.807,0.000,0.012,(6.139 0.000 5.367)
455.6,(7224.331 -0.013 7383.191),(0.770 0.002 0.638),(19.927 0.000 16.506),(-338.178 -0.002 -283.962),3343.885,5.000,0.807,0.000,0.012,(6.410 0.000 5.604)
455.8,(7228.331 -0.013 7386.503),(0.770 0.002 0.638),(20.059 0.000 16.605),(-335.490 -0.003 -281.795),3366.577,5.000,0.807,0.000,0.012,(6.682 0.000 5.841)
456,(7232.354 -0.013 7389.833),(0.770 0.002 0.638),(20.162 0.000 16.683),(-332.833 -0.002 -279.659),3383.048,5.000,0.807,0.000,0.008,(6.952 0.000 6.078)
456.2,(7236.399 -0.013 7393.182),(0.770 0.002 0.638),(20.284 0.000 16.795),(-330.190 -0.002 -277.567),3404.664,5.000,0.807,0.000,0.004,(7.122 0.004 6.388)
456.4,(7240.470 -0.013 7396.553),(0.770 0.002 0.638),(20.411 0.000 16.902),(-327.574 -0.003 -275.499),3426.018,5.000,0.808,0.000,0.004,(7.391 0.000 6.611)
456.6,(7244.566 -0.013 7399.945),(0.770 0.002 0.638),(20.539 0.000 17.008),(-324.997 -0.001 -273.467),3447.537,5.000,0.809,0.000,0.004,(7.847 -0.001 7.020)
456.8,(7248.688 -0.013 7403.358),(0.770 0.002 0.638),(20.667 0.000 17.114),(-322.531 0.000 -271.534),3469.102,5.000,0.809,0.000,0.004,(8.636 0.000 7.725)
457,(7252.836 -0.013 7406.792),(0.770 0.002 0.638),(20.797 0.000 17.220),(-320.188 -0.001 -269.713),3490.704,5.000,0.809,0.000,0.006,(9.196 -0.001 8.226)
457.2,(7257.010 -0.013 7410.248),(0.770 0.002 0.638),(20.930 0.000 17.322),(-317.871 -0.002 -267.918),3512.324,5.000,0.809,0.000,0.008,(9.565 0.000 8.556)
457.4,(7261.210 -0.013 7413.724),(0.770 0.002 0.638),(21.061 0.000 17.426),(-315.676 0.001 -266.238),3533.966,5.000,0.809,0.000,0.010,(10.395 -0.001 9.299)
457.6,(7265.437 -0.014 7417.221),(0.770 0.002 0.638),(21.191 0.000 17.530),(-313.598 -0.001 -264.662),3555.617,5.000,0.809,0.000,0.012,(11.002 0.000 9.842)
457.8,(7269.689 -0.014 7420.738),(0.770 0.002 0.637),(21.325 0.000 17.632),(-311.607 -0.001 -263.170),3577.287,5.000,0.809,0.000,0.012,(11.560 -0.001 10.340)
458,(7273.969 -0.014 7424.275),(0.771 0.002 0.637),(21.458 0.000 17.734),(-309.699 -0.001 -261.756),3598.980,5.000,0.809,0.000,0.012,(12.105 0.000 10.828)
458.2,(7278.275 -0.014 7427.833),(0.771 0.002 0.637),(21.593 0.000 17.834),(-307.874 -0.001 -260.416),3620.674,5.000,0.809,0.000,0.014,(12.649 -0.001 11.315)
458.4,(7282.609 -0.014 7431.411),(0.771 0.002 0.637),(21.731 0.000 17.930),(-306.129 -0.001 -259.153),3642.385,5.000,0.809,0.000,0.014,(13.192 -0.001 11.801)
458.6,(7286.971 -0.014 7435.007),(0.771 0.002 0.636),(21.870 0.000 18.026),(-304.465 -0.001 -257.968),3664.104,5.000,0.809,0.000,0.014,(13.735 -0.001 12.286)
458.8,(7291.360 -0.014 7438.623),(0.772 0.002 0.636),(22.010 0.000 18.121),(-302.883 -0.001 -256.862),3685.876,5.000,0.812,0.000,0.016,(14.277 -0.001 12.771)
459,(7295.778 -0.014 7442.258),(0.772 0.002 0.635),(22.155 0.000 18.211),(-301.380 0.000 -255.835),3707.794,5.000,0.812,0.000,0.016,(14.818 -0.001 13.255)
459.2,(7300.225 -0.014 7445.910),(0.773 0.002 0.635),(22.298 0.000 18.298),(-299.957 0.000 -254.888),3729.540,5.000,0.754,0.000,0.016,(15.358 -0.001 13.738)
459.4,(7304.692 -0.013 7449.571),(0.774 0.001 0.634),(22.344 0.000 18.293),(-298.620 0.000 -254.029),3736.938,5.000,0.176,0.000,0.014,(15.897 -0.001 14.221)
459.6,(7309.146 -0.013 7453.214),(0.774 -0.001 0.633),(22.216 0.001 18.140),(-297.404 0.001 -253.282),3713.743,5.000,0.000,0.000,0.014,(16.436 -0.001 14.703)
459.8,(7313.574 -0.013 7456.825),(0.775 0.000 0.632),(22.078 0.000 17.981),(-296.287 -0.001 -252.633),3687.097,5.000,0.000,0.000,0.014,(16.544 0.000 14.799)
460,(7317.974 -0.013 7460.405),(0.776 0.000 0.631),(21.934 0.001 17.832),(-295.247 0.002 -252.059),3660.373,5.000,0.000,0.000,0.010,(17.047 -0.001 15.249)
460.2,(7322.344 -0.012 7463.956),(0.776 0.000 0.631),(21.778 0.000 17.699),(-294.309 0.002 -251.605),3633.824,5.000,0.039,0.000,0.002,(17.123 -0.018 15.813)
460.4,(7326.686 -0.013 7467.487),(0.776 0.000 0.631),(21.673 0.000 17.628),(-293.432 0.001 -251.280),3615.860,5.000,0.281,0.000,0.000,(17.503 0.004 16.178)
460.6,(7331.016 -0.013 7471.008),(0.776 0.001 0.631),(21.640 0.000 17.600),(-292.645 0.001 -251.033),3608.927,5.000,0.465,0.000,0.000,(17.884 -0.003 16.530)
460.8,(7335.348 -0.013 7474.531),(0.776 0.002 0.631),(21.685 0.000 17.637),(-291.931 0.001 -250.854),3615.167,5.000,0.628,0.000,0.000,(18.263 0.000 16.880)
461,(7339.693 -0.014 7478.065),(0.776 0.002 0.631),(21.763 0.000 17.704),(-291.281 0.001 -250.734),3627.571,5.000,0.738,0.000,-0.004,(18.641 -0.001 17.230)
461.2,(7344.058 -0.014 7481.617),(0.776 0.002 0.631),(21.875 0.000 17.805),(-290.686 0.000 -250.667),3646.666,5.000,0.803,0.000,-0.006,(19.019 -0.001 17.579)
461.4,(7348.447 -0.014 7485.190),(0.776 0.002 0.631),(22.006 0.000 17.912),(-290.141 0.001 -250.648),3668.320,5.000,0.822,0.000,-0.006,(19.396 -0.001 17.927)
461.6,(7352.863 -0.014 7488.785),(0.776 0.002 0.631),(22.142 0.000 18.028),(-289.646 0.001 -250.677),3691.297,5.000,0.845,0.000,-0.010,(19.771 -0.001 18.274)
461.8,(7357.307 -0.014 7492.403),(0.776 0.002 0.631),(22.283 0.000 18.148),(-289.198 0.001 -250.752),3715.239,5.000,0.848,0.000,-0.012,(20.146 -0.001 18.621)
462,(7361.779 -0.014 7496.046),(0.775 0.002 0.631),(22.424 0.000 18.270),(-288.811 0.001 -250.815),3739.314,5.000,0.849,0.000,-0.012,(20.752 0.005 18.468)
462.2,(7366.279 -0.014 7499.713),(0.775 0.002 0.632),(22.566 0.000 18.393),(-288.504 0.001 -250.877),3763.514,5.000,0.851,0.000,-0.012,(21.135 0.000 18.805)
462.4,(7370.808 -0.014 7503.404),(0.775 0.002 0.632),(22.708 0.000 18.516),(-288.244 0.001 -250.984),3787.895,5.000,0.854,0.000,-0.012,(21.514 -0.002 19.142)
462.6,(7375.365 -0.014 7507.120),(0.775 0.002 0.632),(22.852 0.000 18.640),(-288.008 0.001 -251.135),3812.378,5.000,0.855,0.000,-0.012,(21.503 -0.027 19.621)
462.8,(7379.952 -0.014 7510.863),(0.775 0.002 0.632),(22.995 0.000 18.764),(-287.741 0.001 -251.379),3836.884,5.000,0.855,0.000,-0.012,(21.729 0.014 20.126)
463,(7384.566 -0.014 7514.630),(0.775 0.002 0.632),(23.135 0.000 18.892),(-287.514 0.001 -251.674),3861.375,5.000,0.854,0.000,-0.016,(22.106 -0.005 20.461)
463.2,(7389.207 -0.014 7518.423),(0.774 0.002 0.633),(23.267 0.000 19.029),(-287.335 0.001 -252.011),3885.896,5.000,0.854,0.000,-0.016,(22.474 0.001 20.802)
463.4,(7393.875 -0.014 7522.244),(0.774 0.002 0.633),(23.400 0.000 19.166),(-287.153 -0.001 -252.343),3910.392,5.000,0.855,0.000,-0.017,(22.477 0.000 20.805)
463.6,(7398.570 -0.015 7526.092),(0.773 0.002 0.634),(23.526 0.000 19.311),(-286.995 0.002 -252.693),3934.897,5.000,0.854,0.000,-0.019,(22.828 -0.001 21.130)
463.8,(7403.289 -0.015 7529.971),(0.772 0.002 0.635),(23.645 0.000 19.465),(-286.868 0.000 -253.065),3959.397,5.000,0.854,0.000,-0.023,(23.075 0.000 21.359)
464,(7408.029 -0.015 7533.881),(0.771 0.002 0.637),(23.752 0.000 19.633),(-286.768 0.001 -253.450),3983.889,5.000,0.863,0.000,-0.025,(23.321 -0.001 21.586)
464.2,(7412.791 -0.015 7537.827),(0.769 0.002 0.639),(23.857 -0.001 19.819),(-286.696 0.001 -253.848),4009.506,5.000,0.891,0.000,-0.029,(23.566 0.000 21.813)
464.4,(7417.574 -0.015 7541.812),(0.768 0.002 0.641),(23.956 0.000 20.022),(-286.652 0.001 -254.250),4036.168,5.000,0.891,0.000,-0.031,(23.810 -0.001 22.039)
464.6,(7422.377 -0.015 7545.838),(0.766 0.002 0.643),(24.053 0.000 20.230),(-286.636 0.001 -254.656),4063.011,5.000,0.902,0.000,-0.029,(24.053 -0.001 22.264)
464.8,(7427.201 -0.015 7549.905),(0.764 0.003 0.645),(24.160 0.000 20.436),(-286.649 0.001 -255.066),4090.657,5.000,0.909,0.000,-0.029,(24.296 -0.001 22.488)
465,(7432.045 -0.015 7554.015),(0.762 0.003 0.648),(24.266 0.000 20.642),(-286.690 0.001 -255.479),4118.453,5.000,0.909,0.000,-0.029,(24.538 -0.001 22.712)
465.2,(7436.911 -0.015 7558.165),(0.760 0.003 0.650),(24.372 0.000 20.849),(-286.759 0.001 -255.896),4146.253,5.000,0.909,0.000,-0.027,(24.779 -0.001 22.936)
465.4,(7441.799 -0.015 7562.355),(0.759 0.003 0.651),(24.487 0.000 21.045),(-286.854 0.001 -256.317),4174.046,5.000,0.909,0.000,-0.023,(25.019 -0.001 23.158)
465.6,(7446.711 -0.015 7566.584),(0.758 0.003 0.653),(24.618 0.000 21.226),(-286.973 0.001 -256.744),4202.072,5.000,0.919,0.000,-0.017,(25.259 -0.001 23.380)
465.8,(7451.652 -0.015 7570.847),(0.757 0.003 0.653),(24.771 0.000 21.386),(-287.110 0.001 -257.182),4230.529,5.000,0.922,0.000,-0.012,(25.498 -0.001 23.601)
466,(7456.625 -0.015 7575.140),(0.757 0.003 0.653),(24.945 -0.001 21.522),(-287.262 0.001 -257.634),4259.059,5.000,0.922,0.000,-0.002,(25.736 -0.001 23.822)
466.2,(7461.629 -0.015 7579.454),(0.758 0.002 0.653),(25.055 0.000 21.586),(-287.431 0.002 -258.108),4278.957,5.000,0.310,0.000,0.006,(25.974 -0.001 24.041)
466.4,(7466.626 -0.014 7583.757),(0.758 -0.001 0.652),(24.919 0.000 21.444),(-287.656 0.003 -258.638),4256.539,5.000,0.000,0.000,0.010,(26.210 -0.001 24.260)
466.6,(7471.594 -0.014 7588.027),(0.759 0.000 0.652),(24.768 0.000 21.266),(-287.954 0.003 -259.243),4227.213,5.000,0.000,0.000,0.014,(26.391 -0.001 24.428)
466.8,(7476.531 -0.014 7592.261),(0.760 0.000 0.651),(24.625 0.001 21.082),(-288.304 0.003 -259.933),4197.497,5.000,0.000,0.000,0.014,(26.546 0.004 24.717)
467,(7481.440 -0.014 7596.458),(0.760 0.000 0.649),(24.481 0.000 20.902),(-288.713 0.003 -260.703),4168.129,5.000,0.015,0.000,0.010,(26.636 0.000 24.966)
467.2,(7486.325 -0.014 7600.626),(0.760 0.001 0.649),(24.402 0.000 20.831),(-289.182 0.003 -261.549),4151.218,5.000,0.504,0.000,-0.002,(26.883 0.000 25.168)
467.4,(7491.206 -0.015 7604.796),(0.760 0.002 0.650),(24.413 0.000 20.865),(-289.704 0.003 -262.438),4153.951,5.000,0.611,0.000,-0.006,(27.115 -0.001 25.385)
467.6,(7496.096 -0.015 7608.975),(0.760 0.002 0.649),(24.483 0.000 20.920),(-290.251 0.002 -263.359),4164.892,5.000,0.673,0.000,-0.004,(27.030 -0.011 25.675)
467.8,(7501.001 -0.015 7613.166),(0.760 0.002 0.649),(24.564 0.000 20.987),(-290.770 0.003 -264.336),4178.350,5.000,0.690,0.000,-0.004,(27.197 0.012 25.952)
468,(7505.922 -0.015 7617.371),(0.760 0.002 0.650),(24.647 0.000 21.066),(-291.315 0.003 -265.344),4192.957,5.000,0.719,0.000,-0.008,(27.430 -0.004 26.165)
468.2,(7510.861 -0.015 7621.594),(0.760 0.002 0.650),(24.735 0.000 21.157),(-291.886 0.003 -266.378),4209.085,5.000,0.736,0.000,-0.014,(27.657 0.000 26.382)
468.4,(7515.817 -0.015 7625.837),(0.759 0.002 0.651),(24.812 -0.001 21.275),(-292.486 0.003 -267.435),4226.473,5.000,0.753,0.000,-0.019,(27.883 -0.001 26.598)
468.6,(7520.787 -0.015 7630.106),(0.758 0.002 0.652),(24.881 0.000 21.408),(-293.118 0.003 -268.508),4244.489,5.000,0.757,0.000,-0.019,(28.108 -0.001 26.813)
468.8,(7525.771 -0.015 7634.402),(0.757 0.002 0.653),(24.951 0.000 21.542),(-293.781 0.003 -269.599),4262.611,5.000,0.761,0.000,-0.019,(28.333 -0.001 27.027)
469,(7530.769 -0.015 7638.724),(0.756 0.002 0.655),(25.022 0.000 21.679),(-294.474 0.003 -270.707),4281.104,5.000,0.769,0.000,-0.019,(28.557 -0.001 27.241)
469.2,(7535.782 -0.015 7643.074),(0.755 0.002 0.656),(25.096 0.000 21.817),(-295.197 0.003 -271.828),4300.032,5.000,0.776,0.000,-0.019,(28.780 -0.001 27.453)
469.4,(7540.810 -0.016 7647.453),(0.754 0.002 0.657),(25.170 -0.001 21.970),(-295.949 0.003 -272.962),4319.923,5.000,0.814,0.000,-0.025,(29.002 -0.001 27.665)
469.6,(7545.853 -0.016 7651.866),(0.752 0.002 0.659),(25.242 0.000 22.153),(-296.731 0.003 -274.106),4342.383,5.000,0.837,0.000,-0.027,(29.223 -0.001 27.876)
469.8,(7550.910 -0.016 7656.316),(0.750 0.002 0.661),(25.313 0.000 22.342),(-297.542 0.003 -275.254),4365.362,5.000,0.838,0.000,-0.027,(29.443 -0.001 28.087)
470,(7555.981 -0.016 7660.805),(0.748 0.002 0.664),(25.384 0.000 22.531),(-298.384 0.003 -276.406),4388.464,5.000,0.843,0.000,-0.027,(29.663 -0.001 28.296)
470.2,(7561.067 -0.016 7665.331),(0.746 0.003 0.666),(25.455 0.000 22.723),(-299.255 0.003 -277.562),4411.814,5.000,0.848,0.000,-0.027,(29.882 -0.001 28.505)
470.4,(7566.167 -0.016 7669.896),(0.744 0.003 0.668),(25.526 0.000 22.916),(-300.155 0.003 -278.721),4435.266,5.000,0.848,0.000,-0.027,(30.100 -0.001 28.713)
470.6,(7571.282 -0.016 7674.499),(0.743 0.003 0.670),(25.601 0.000 23.103),(-301.085 0.003 -279.884),4458.696,5.000,0.849,0.000,-0.021,(30.317 -0.001 28.920)
470.8,(7576.412 -0.016 7679.137),(0.742 0.003 0.671),(25.699 0.000 23.264),(-302.042 0.003 -281.052),4482.116,5.000,0.849,0.000,-0.014,(30.533 -0.001 29.126)
471,(7581.566 -0.016 7683.805),(0.741 0.003 0.671),(25.824 0.000 23.394),(-303.010 0.003 -282.225),4505.445,5.000,0.849,0.000,-0.006,(30.615 0.000 29.204)
471.2,(7586.747 -0.016 7688.496),(0.742 0.003 0.671),(25.976 -0.001 23.495),(-303.954 0.003 -283.377),4528.682,5.000,0.849,0.000,0.004,(30.693 0.000 29.278)
471.4,(7591.958 -0.016 7693.207),(0.742 0.003 0.671),(26.117 0.000 23.606),(-304.900 0.003 -284.539),4551.854,5.000,0.849,0.000,0.008,(30.857 -0.001 29.435)
471.6,(7597.196 -0.016 7697.940),(0.742 0.003 0.671),(26.251 0.000 23.723),(-305.852 0.003 -285.709),4574.925,5.000,0.849,0.000,0.008,(31.020 0.000 29.591)
471.8,(7602.461 -0.016 7702.699),(0.742 0.003 0.671),(26.383 0.000 23.842),(-306.809 0.003 -286.885),4597.929,5.000,0.850,0.000,0.008,(31.183 0.000 29.746)
472,(7607.751 -0.016 7707.480),(0.742 0.003 0.671),(26.515 0.000 23.961),(-307.773 0.003 -288.070),4620.903,5.000,0.851,0.000,0.008,(31.345 0.000 29.901)
472.2,(7613.069 -0.016 7712.285),(0.742 0.003 0.671),(26.646 0.000 24.080),(-308.744 0.003 -289.262),4643.850,5.000,0.851,0.000,0.006,(31.507 0.000 30.055)
472.4,(7618.412 -0.016 7717.115),(0.742 0.003 0.671),(26.770 -0.001 24.207),(-309.720 0.003 -290.460),4666.710,5.000,0.851,0.000,0.000,(31.668 0.000 30.208)
472.6,(7623.778 -0.017 7721.972),(0.741 0.003 0.671),(26.882 0.000 24.348),(-310.705 0.003 -291.662),4689.623,5.000,0.856,0.000,-0.012,(31.828 0.000 30.361)
472.8,(7629.167 -0.017 7726.856),(0.741 0.003 0.672),(26.996 0.000 24.486),(-311.699 0.003 -292.866),4712.631,5.000,0.856,0.000,-0.014,(31.987 0.000 30.513)
473,(7634.579 -0.017 7731.769),(0.740 0.003 0.672),(27.110 0.000 24.623),(-312.702 0.003 -294.073),4735.531,5.000,0.856,0.000,-0.014,(32.146 0.000 30.665)
473.2,(7640.013 -0.017 7736.708),(0.740 0.003 0.673),(27.224 0.000 24.761),(-313.714 0.003 -295.283),4758.369,5.000,0.856,0.000,-0.014,(32.305 0.000 30.816)
473.4,(7645.470 -0.017 7741.675),(0.740 0.003 0.673),(27.338 0.000 24.897),(-314.735 0.004 -296.496),4781.160,5.000,0.860,0.000,-0.012,(32.462 0.000 30.966)
473.6,(7650.952 -0.017 7746.668),(0.739 0.003 0.673),(27.468 0.000 25.017),(-315.764 0.004 -297.713),4804.061,5.000,0.861,0.000,-0.006,(32.619 0.000 31.116)
473.8,(7656.461 -0.017 7751.683),(0.740 0.003 0.673),(27.605 0.000 25.129),(-316.795 0.004 -298.938),4826.913,5.000,0.860,0.000,-0.004,(32.775 0.000 31.265)
474,(7661.996 -0.017 7756.722),(0.740 0.003 0.673),(27.732 -0.001 25.250),(-317.833 0.004 -300.168),4849.643,5.000,0.860,0.000,-0.006,(32.931 0.000 31.413)
474.2,(7667.555 -0.017 7761.786),(0.739 0.003 0.673),(27.855 0.000 25.376),(-318.877 0.004 -301.403),4872.331,5.000,0.861,0.000,-0.010,(33.086 0.000 31.561)
474.4,(7673.138 -0.017 7766.875),(0.739 0.003 0.674),(27.972 -0.001 25.506),(-319.928 0.004 -302.643),4894.938,5.000,0.861,0.000,-0.016,(33.240 0.000 31.708)
474.6,(7678.744 -0.017 7771.993),(0.738 0.003 0.675),(28.069 -0.001 25.659),(-320.977 0.003 -303.882),4917.444,5.000,0.861,0.000,-0.019,(33.201 -0.010 31.903)
474.8,(7684.366 -0.017 7777.143),(0.737 0.003 0.676),(28.143 -0.001 25.835),(-322.014 0.004 -305.126),4939.871,5.000,0.861,0.000,-0.023,(33.370 0.003 32.031)
475,(7690.003 -0.018 7782.329),(0.735 0.003 0.678),(28.206 0.000 26.021),(-323.067 0.004 -306.362),4962.208,5.000,0.861,0.000,-0.023,(33.522 -0.002 32.178)
475.2,(7695.652 -0.018 7787.552),(0.734 0.003 0.680),(28.268 0.000 26.207),(-324.139 0.004 -307.590),4984.452,5.000,0.861,0.000,-0.021,(33.674 0.000 32.323)
475.4,(7701.313 -0.018 7792.813),(0.732 0.003 0.681),(28.337 0.000 26.384),(-325.230 0.004 -308.810),5006.658,5.000,0.862,0.000,-0.021,(33.825 -0.001 32.468)
475.6,(7706.989 -0.018 7798.110),(0.731 0.003 0.683),(28.406 0.000 26.562),(-326.324 0.003 -310.023),5028.861,5.000,0.864,0.000,-0.021,(33.780 -0.010 32.662)
475.8,(7712.677 -0.018 7803.442),(0.729 0.003 0.684),(28.475 0.000 26.740),(-327.411 0.004 -311.236),5051.061,5.000,0.865,0.000,-0.019,(33.946 0.003 32.788)
476,(7718.382 -0.018 7808.808),(0.728 0.003 0.686),(28.556 0.000 26.904),(-328.512 0.004 -312.444),5073.263,5.000,0.866,0.000,-0.014,(34.095 -0.002 32.932)
476.2,(7724.104 -0.018 7814.203),(0.728 0.003 0.686),(28.673 0.000 27.029),(-329.625 0.004 -313.650),5095.386,5.000,0.867,0.000,-0.004,(34.243 0.000 33.075)
476.4,(7729.855 -0.018 7819.620),(0.728 0.003 0.685),(28.822 -0.001 27.123),(-330.738 0.004 -314.865),5117.749,5.000,0.877,0.000,0.008,(34.390 -0.001 33.218)
476.6,(7735.635 -0.018 7825.056),(0.728 0.003 0.685),(28.961 0.000 27.231),(-331.853 0.004 -316.087),5140.438,5.000,0.877,0.000,0.010,(34.537 0.000 33.359)
476.8,(7741.442 -0.018 7830.515),(0.728 0.003 0.685),(29.092 -0.001 27.347),(-332.969 0.004 -317.316),5162.990,5.000,0.878,0.000,0.010,(34.683 0.000 33.500)
477,(7747.274 -0.018 7835.998),(0.728 0.003 0.685),(29.212 -0.001 27.473),(-334.089 0.004 -318.548),5185.485,5.000,0.877,0.000,0.002,(34.828 0.000 33.641)
477.2,(7753.129 -0.018 7841.506),(0.728 0.003 0.685),(29.331 0.000 27.599),(-335.216 0.004 -319.785),5207.874,5.000,0.877,0.000,0.002,(34.973 0.000 33.781)
477.4,(7759.009 -0.018 7847.038),(0.728 0.003 0.685),(29.459 -0.001 27.714),(-336.347 0.004 -321.024),5230.176,5.000,0.877,0.000,0.004,(35.117 0.000 33.920)
477.6,(7764.915 -0.018 7852.594),(0.728 0.003 0.685),(29.585 0.000 27.830),(-337.481 0.004 -322.267),5252.378,5.000,0.877,0.000,0.004,(35.261 0.000 34.058)
477.8,(7770.845 -0.018 7858.172),(0.728 0.003 0.685),(29.710 0.000 27.947),(-338.618 0.004 -323.516),5274.512,5.000,0.878,0.000,0.004,(35.404 0.000 34.196)
478,(7776.800 -0.018 7863.775),(0.728 0.003 0.685),(29.834 0.000 28.064),(-339.759 0.004 -324.768),5296.590,5.000,0.878,0.000,0.004,(35.546 0.000 34.334)
478.2,(7782.781 -0.018 7869.400),(0.728 0.003 0.685),(29.958 0.000 28.180),(-340.903 0.004 -326.025),5318.576,5.000,0.878,0.000,0.004,(35.687 0.000 34.470)
478.4,(7788.787 -0.019 7875.049),(0.728 0.003 0.685),(30.081 0.000 28.296),(-342.050 0.004 -327.285),5340.470,5.000,0.878,0.000,0.004,(35.828 0.000 34.606)
478.6,(7794.817 -0.019 7880.721),(0.728 0.003 0.685),(30.204 0.000 28.412),(-343.201 0.004 -328.550),5362.296,5.000,0.879,0.000,0.004,(35.968 0.000 34.742)
478.8,(7800.872 -0.019 7886.416),(0.728 0.003 0.685),(30.326 0.000 28.527),(-344.355 0.004 -329.817),5384.021,5.000,0.878,0.000,0.004,(36.108 0.000 34.877)
479,(7806.951 -0.019 7892.134),(0.728 0.003 0.685),(30.447 0.000 28.642),(-345.501 0.003 -331.079),5405.703,5.000,0.880,0.000,0.002,(36.078 0.000 34.848)
479.2,(7813.053 -0.019 7897.876),(0.728 0.003 0.685),(30.560 0.000 28.767),(-346.619 0.004 -332.310),5427.344,5.000,0.880,0.000,-0.004,(36.147 0.000 34.915)
